0.827005294669
0.827005294669
0.827005294669
0.827005294669
0.827005294669
0.827005294669
0.827005294669
0.827005294669
0.793297632608
0.793297632608
0.783867613197
0.826970378087
0.825861345693
0.886429469419
0.886429469419
0.886429469419
0.88697895206
0.891028251349
0.891028251349
0.897698616719
0.804670528183
0.801554112598
0.769286949037
0.769286949037
0.769286949037
0.769286949037
0.769286949037
0.769286949037
0.769286949037
0.769286949037
0.780961958127
0.768289688379
0.832159835989
0.832159835989
0.832159835989
0.8529816886
0.8529816886
0.819437006708
0.820272693034
0.820272693034
0.808721073218
0.808721073218
0.806210871936
0.807168091453
0.804070140022
0.804224035496
0.811485285773
0.811485285773
0.809408614129
0.821590199628
0.831315728652
0.831315728652
0.831760124922
0.843682715783
0.751236128793
0.751236128793
0.751236128793
0.751236128793
0.747619625514
0.747619625514
0.826353871626
0.866291934138
0.866291934138
0.866291934138
0.866291934138
0.866291934138
0.875398048724
0.875398048724
0.885405673885
0.852923039552
0.818535801685
0.816913380088
0.812848037984
0.861571810117
0.811365448876
0.814759688702
0.814759688702
0.81561420358
0.81561420358
0.92752325726
0.785305626353
0.789212979053
0.794350535919
0.794350535919
0.794350535919
0.794350535919
0.794350535919
0.799596129891
0.799596129891
0.799596129891
0.7089674285
0.684148203252
0.684148203252
0.684148203252
0.684148203252
0.684148203252
0.684148203252
0.710394870416
0.735323085009
0.735323085009
0.778594134652
0.781121835147
0.781121835147
0.781121835147
0.781121835147
0.781121835147
0.781121835147
0.781121835147
0.781121835147
0.781121835147
0.827010991237
0.832034289077
0.8195417745
0.862785585855
0.866202351215
0.933258177988
0.933258177988
0.922104631262
0.903293308036
0.903293308036
0.511016800732
0.594749036595
0.688263803204
0.688263803204
0.713367887012
0.67836103064
0.67836103064
0.67836103064
0.639328101899
0.639328101899
0.805249735492
0.805249735492
0.805249735492
0.805169695355
0.805169695355
0.805169695355
0.805169695355
0.805169695355
0.805169695355
0.788425776001
0.592077746837
0.592077746837
0.592077746837
0.592077746837
0.592077746837
0.592077746837
0.592077746837
0.592077746837
0.550970552327
0.550970552327
0.695923928151
0.730896700293
0.752433703413
0.752433703413
0.752433703413
0.752751997625
0.749573966809
0.753103418306
0.753103418306
0.783892234759
0.76307256003
0.76307256003
0.76197419232
0.76197419232
0.764557578733
0.764557578733
0.764557578733
0.765609675019
0.765609675019
0.769937409573
0.771638395797
0.771638395797
0.771638395797
0.771638395797
0.771638395797
0.771638395797
0.771638395797
0.771638395797
0.771638395797
0.771638395797
0.768713900886
0.792486865648
0.796711366325
0.796711366325
0.798081226728
0.798081226728
0.798081226728
0.798081226728
0.801032590654
0.801032590654
0.691961596677
0.651150584082
0.651150584082
0.658415582348
0.658415582348
0.658415582348
0.658415582348
0.658415582348
0.658415582348
0.658415582348
0.82797909096
0.82797909096
0.82797909096
0.82797909096
0.82797909096
0.82797909096
0.82797909096
0.834062535933
0.863303243216
0.863303243216
0.814201481918
0.822419878992
0.822419878992
0.829434136917
0.855267661983
0.798992358677
0.798992358677
0.798992358677
0.818298509095
0.818298509095
0.78128396525
0.78128396525
0.779641422355
0.772438470795
0.772438470795
0.772438470795
0.7378760832
0.771172845057
0.793263814204
0.798199770631
0.807211219541
0.807211219541
0.807193343422
0.807193343422
0.807193343422
0.806578971941
0.808275549984
0.808275549984
0.808275549984
0.808275549984
0.799819852995
0.798864201792
0.803438580366
0.803438580366
0.803438580366
0.803438580366
0.803438580366
0.803438580366
0.803438580366
0.803438580366
0.764507091795
0.764507091795
0.764507091795
0.764507091795
0.770783930602
0.769349306114
0.769349306114
0.779442478438
0.775024857411
0.775024857411
0.807645035919
0.807645035919
0.795175535381
0.806579844191
0.806579844191
0.797910704801
0.776527989871
0.776527989871
0.776527989871
0.793619689372
0.787546637145
0.782946915222
0.782946915222
0.782402184802
0.782402184802
0.782402184802
0.782402184802
0.782402184802
0.782402184802
0.792275293782
0.795322188487
0.831049692642
0.831049692642
0.831049692642
0.829972394967
0.829972394967
0.816298885999
0.817187216853
0.817363508408
0.806830386772
0.784326374777
0.784326374777
0.784326374777
0.788189941555
0.788189941555
0.788189941555
0.788189941555
0.788189941555
0.786281809994
0.786281809994
0.75708703575
0.771866132904
0.769641748603
0.769641748603
0.769641748603
0.769641748603
0.777714080582
0.777714080582
0.777714080582
0.777714080582
0.782358130012
0.782358130012
0.740511796536
0.740511796536
0.740354658134
0.740354658134
0.740354658134
0.740354658134
0.760465265203
0.748608769491
0.804993368448
0.802080618693
0.802080618693
0.801792736529
0.803969035365
0.803947779829
0.803947779829
0.803947779829
0.803947779829
1.08770222363
0.825597822569
0.824918267339
0.824918267339
0.814055279425
0.814609315603
0.814609315603
0.814609315603
0.814609315603
0.814609315603
0.809088115486
0.83417872884
0.83417872884
0.83417872884
0.83417872884
0.823146749135
0.823146749135
0.823146749135
0.823146749135
0.836952931857
0.84413662421
0.839584538747
0.839584538747
0.841186115021
0.841186115021
0.841186115021
0.831978990202
0.831978990202
0.835826540906
0.835826540906
0.828960765239
0.87446881759
0.87446881759
0.87446881759
0.87446881759
0.87446881759
0.87875948636
0.87875948636
0.87875948636
0.87875948636
0.884468399872
0.763677540894
0.763677540894
0.787161102263
0.787161102263
0.798828831893
0.806746431017
0.808878704072
0.812207500444
0.812207500444
0.812207500444
0.8182367705
0.817985747515
0.817985747515
0.817985747515
0.860268595628
0.872466095663
0.796198825249
0.796198825249
0.798637081128
0.798637081128
0.777029044986
0.794696162559
0.794696162559
0.772295021376
0.77256900845
0.77256900845
0.777215736117
0.774556231948
0.797680687074
0.801542624319
0.742105325184
0.775670531028
0.777563697115
0.777563697115
0.781736998769
0.781736998769
0.673241846683
0.661317985302
0.661317985302
0.622617888155
0.810389750002
0.792017034178
0.77964815885
0.797872638737
0.797872638737
0.797872638737
0.797696509698
0.802082630267
0.798671438607
0.798671438607
0.789521737145
0.797427921909
0.797427921909
0.797427921909
0.796864625293
0.794698449217
0.787273202166
0.802739480202
0.802739480202
0.746130154782
0.719652611401
0.720112317787
0.720112317787
0.720112317787
0.720112317787
0.720112317787
0.720112317787
1.02483174493
1.10250833756
1.18960154217
0.772337121649
0.765391129787
0.765391129787
0.752628690595
0.745160749691
0.780156566409
0.778170353071
0.778170353071
0.775615099246
0.775615099246
0.81401543023
0.81401543023
0.809775526818
0.830245091254
0.823694462881
0.823694462881
0.823694462881
0.870684267696
0.870684267696
0.874192830442
0.747158912165
0.762209171416
0.808226587928
0.81293554014
0.811615046395
0.803871670982
0.803871670982
0.30678806935
0.30678806935
0.30678806935
0.663627020751
0.663627020751
0.574862920073
0.574862920073
0.359101057776
0.539024589307
0.539024589307
0.556806834404
0.438358315883
0.438358315883
0.834239090885
0.837674670044
0.842731937894
0.842285583808
0.842285583808
0.864927380183
0.864927380183
0.864927380183
0.854922413364
0.854922413364
0.767923716507
0.767923716507
0.767923716507
0.767923716507
0.767923716507
0.801566273792
0.801566273792
0.801566273792
0.789455925617
0.787983637779
0.795311310313
0.807110964504
0.807110964504
0.808024559191
0.808024559191
0.808024559191
0.808024559191
0.80459908056
0.80459908056
0.80459908056
0.965855701053
0.965855701053
0.965855701053
0.965855701053
0.928561925297
0.820475392171
0.820475392171
0.820475392171
0.820475392171
0.820475392171
0.797574442715
0.764749390061
0.764749390061
0.764749390061
0.764749390061
0.764749390061
0.764749390061
0.76889827467
0.747053000796
0.747053000796
0.793904525612
0.793562218079
0.790779685345
0.790779685345
0.793719010561
0.789009362183
0.787909001121
0.787930831335
0.787930831335
0.795439585887
0.745496332436
0.745496332436
0.745496332436
0.745496332436
0.698296500174
0.698296500174
0.698296500174
0.690840255504
0.895710061847
0.895710061847
0.813167845895
0.813167845895
0.814575708753
0.807623922148
0.807623922148
0.807623922148
0.807623922148
0.807623922148
0.814637953486
0.814637953486
0.786965558413
0.785263435588
0.753633826062
0.753633826062
0.753633826062
0.731043200188
0.67715592961
0.67715592961
0.67715592961
0.67715592961
0.823743306531
0.823743306531
0.824461728879
0.825348766573
0.825348766573
0.825348766573
0.825348766573
0.815605892108
0.815605892108
0.815605892108
0.7851692522
0.7851692522
0.7851692522
0.778625027405
0.778638714103
0.778638714103
0.778638714103
0.778638714103
0.778638714103
0.808142153282
0.808872432879
0.808872432879
0.808769433841
0.808769433841
0.808769433841
0.808769433841
0.808769433841
0.808769433841
0.808769433841
0.808769433841
0.853101379516
0.878384635944
0.878384635944
0.878384635944
0.878384635944
0.872367966374
0.872367966374
0.872367966374
0.872367966374
0.872367966374
0.776370377305
0.777771587085
0.795812200626
0.795812200626
0.860617790514
0.899162054981
0.899162054981
0.860536420925
0.860536420925
0.861724762348
0.798933710645
0.798922203424
0.798922203424
0.798922203424
0.798922203424
0.770556469066
0.770556469066
0.793894063313
0.793894063313
0.800498653134
0.920547704253
0.975845315571
0.975845315571
0.975845315571
0.922253329827
0.902428249641
0.904068140776
0.904068140776
0.904068140776
0.904068140776
0.783052812792
0.757181914587
0.757181914587
0.752395562186
0.752400090804
0.752400090804
0.752400090804
0.755347209453
0.764360679494
0.764360679494
0.73967279545
0.73967279545
0.73967279545
0.749829481051
0.753092197971
0.7720789142
0.7720789142
0.7720789142
0.791964033714
0.791964033714
0.76873188356
0.796865335479
0.796865335479
0.796865335479
0.796865335479
0.796865335479
0.796865335479
0.795164848962
0.793148167047
0.793358845167
0.753172961518
0.753172961518
0.753172961518
0.750751721884
0.72176834284
0.740401932702
0.715556005048
0.715556005048
0.714514174532
0.714886098543
0.64085062224
0.664729581939
0.669780486781
0.669780486781
0.670996549588
0.670996549588
0.700644892408
0.700644892408
0.714122472989
0.629698745885
0.788166379856
0.788166379856
0.788166379856
0.833922766906
0.828688148506
0.852212213934
0.84141216034
0.84141216034
0.84141216034
0.75561773602
0.792219646512
0.831309050477
0.870944924235
0.874005022921
0.874005022921
0.874005022921
0.917476193718
0.917476193718
0.917476193718
0.917476193718
0.761966391798
0.761966391798
0.789709597242
0.789709597242
0.789709597242
0.809429999539
0.846488918525
0.868628194923
0.842834297059
0.842834297059
0.768910956817
0.768910956817
0.768910956817
0.768910956817
0.766187659936
0.761956078232
0.767528560682
0.772157187539
0.772157187539
0.774213919498
0.80553700325
0.80553700325
0.811313226654
0.811313226654
0.831577250806
0.840708704055
0.840708704055
0.840708704055
0.624562084303
0.620501181236
0.67733852703
0.67733852703
0.691487795016
0.691487795016
0.691487795016
0.702115426578
0.702115426578
0.729340080854
0.729340080854
0.764492705207
0.741041091112
0.748448635512
0.748448635512
0.748448635512
0.748448635512
0.748448635512
0.747947867987
0.757453503478
0.757453503478
0.757453503478
0.748673774044
0.75426879359
0.75426879359
0.753691230265
0.749501094483
0.749501094483
0.768432550911
0.768432550911
0.768432550911
0.736348350855
0.72063774887
0.72063774887
0.700591234154
0.700591234154
0.700591234154
0.700591234154
0.700591234154
0.700591234154
0.678229934172
0.678229934172
0.760280119047
0.760798619718
0.763044662707
0.793100434734
0.793100434734
0.793600953195
0.793521425928
0.793521425928
0.793521425928
0.793521425928
0.807395205071
0.807395205071
0.807395205071
0.816954618652
0.82420177656
0.824580553526
0.824580553526
0.824580553526
0.824580553526
0.824580553526
0.87585357343
0.901228737085
1.00816027627
0.983149537203
0.983149537203
1.06775840037
1.06775840037
1.25026037991
1.04722458204
1.12371919176
0.797885343926
0.793078018241
0.793078018241
0.793616661138
0.793616661138
0.793616661138
0.793616661138
0.799515201109
0.799515201109
0.799515201109
0.746348009634
0.746348009634
0.746348009634
0.746348009634
0.746348009634
0.766864399363
0.765258042677
0.76437973596
0.774282740767
0.792864825878
0.711354787136
0.718635130485
0.718635130485
0.718635130485
0.673018516319
0.667315166339
0.667315166339
0.672867958395
0.672867958395
0.705982908961
0.16157785884
0.16157785884
-0.00536219520397
-0.00536219520397
-0.00536219520397
-0.00536219520397
-0.00536219520397
-0.00536219520397
-0.00536219520397
-0.00536219520397
0.823474229332
0.809231852442
0.809231852442
0.809669518612
0.825167155081
0.825691076393
0.825691076393
0.832048425343
0.792150046452
0.792150046452
0.749687368405
0.749687368405
0.717177278835
0.713572057981
0.713572057981
0.713572057981
0.723558278663
0.718298576398
0.718298576398
0.718298576398
0.79590563078
0.79590563078
0.79590563078
0.79590563078
0.795760358926
0.79138635358
0.783683783179
0.783683783179
0.783683783179
0.778288442397
0.823736647864
0.823736647864
0.824736973686
0.824736973686
0.83851275104
0.83851275104
0.810854857044
0.81782910219
0.81782910219
0.830029367568
0.920492000152
0.962886677862
0.962886677862
1.08128249482
1.25907795662
1.25907795662
1.59478918212
1.59478918212
1.59478918212
1.59478918212
0.805738374057
0.805738374057
0.805738374057
0.805738374057
0.820775712065
0.820775712065
0.820775712065
0.820775712065
0.820775712065
0.819527642091
0.893756554875
0.893756554875
0.885103287939
0.885103287939
0.885103287939
0.884748308708
0.907784737784
0.907784737784
0.904002450444
0.904002450444
0.761752618243
0.761752618243
0.761752618243
0.77980506723
0.77980506723
0.77980506723
0.77980506723
0.77735105258
0.77735105258
0.77735105258
0.792309652264
0.803095348946
0.818979268089
0.818979268089
0.841161574459
0.841161574459
0.841161574459
0.841161574459
0.841161574459
0.841161574459
0.789334312578
0.789334312578
0.784114084
0.788385955312
0.788385955312
0.788385955312
0.801310855048
0.801310855048
0.773704001992
0.77384527957
0.837603220327
0.82717744535
0.82717744535
0.829857841733
0.82917015227
0.828601525226
0.838305965202
0.832760864122
1.04322685475
1.04322685475
0.816783569609
0.816783569609
0.816783569609
0.824379197228
0.818181682636
0.818181682636
0.818181682636
0.818181682636
0.820079651809
0.820079651809
0.794851434393
0.794851434393
0.8033996545
0.807012035641
0.807012035641
0.807012035641
0.807012035641
0.807012035641
0.816361089418
0.821520379604
0.853008184844
0.853008184844
0.853008184844
0.853008184844
0.853008184844
0.853008184844
0.853008184844
0.853008184844
0.853008184844
0.853008184844
0.80916108737
0.80916108737
0.80916108737
0.80916108737
0.80916108737
0.813052994727
0.813052994727
0.80662821953
0.732588516678
0.734041167386
