1.0552907626
0.999567910889
0.999567910889
0.91918650828
0.781923809052
0.781923809052
0.798601221906
0.798601221906
0.741938468159
0.741938468159
0.96289721446
0.96289721446
0.949877726223
0.925932012036
0.913561798661
0.913561798661
0.821492448559
0.814534630545
0.437882201723
0.437882201723
0.780871360954
0.850585434018
0.780127263072
0.824554807499
0.831998991879
0.831998991879
0.689185806349
0.689185806349
0.613455284074
0.66727569384
0.944218272019
0.638011768162
0.540962837461
0.52539130456
0.52539130456
0.52539130456
0.52539130456
0.40430356319
0.40430356319
0.40430356319
1.1966758371
1.1966758371
1.1966758371
1.1966758371
1.12391801251
1.08336538088
0.997044460344
0.863718863732
0.854633845021
0.71090381211
1.28513410014
1.28513410014
1.04371079419
1.00724519027
0.947642300001
0.947642300001
0.947642300001
0.947642300001
0.878138224909
0.878138224909
1.2365834482
1.2365834482
1.2365834482
0.836103316876
0.837737617593
0.802165618104
0.802165618104
0.785254998124
0.790848729374
0.790848729374
0.110543925702
0.110543925702
0.110543925702
0.104511017964
0.104511017964
0.104511017964
0.104511017964
0.104511017964
0.104511017964
0.104511017964
1.16668481517
1.16668481517
1.16668481517
1.16624336655
0.923020319893
0.923020319893
0.918512946422
0.918512946422
0.918512946422
0.918512946422
0.663557455388
0.663557455388
0.663557455388
0.663557455388
0.663557455388
0.466330076041
0.191299428031
0.191299428031
0.191299428031
0.191299428031
1.17241730789
1.17241730789
0.78110363388
0.746510262661
0.570513238395
0.338879053087
0.338879053087
0.353842521169
0.138616982356
0.138616982356
0.70995967436
0.654370862146
0.654370862146
0.533346452546
0.481191756633
0.442272534755
0.289710828894
0.289710828894
0.289710828894
0.289710828894
0.6298428069
0.145756178167
0.229718632686
0.229718632686
0.229718632686
0.229718632686
0.229718632686
0.381643883049
0.381643883049
0.381643883049
0.833335273345
0.546101273329
0.544498251623
0.544498251623
0.520110628904
0.520110628904
0.520110628904
0.235804365047
0.235804365047
0.235804365047
0.483733771277
0.483733771277
0.483733771277
0.0134148282198
0.0134148282198
0.0134148282198
0.0258760143911
0.0258760143911
0.0258760143911
0.0258760143911
0.398765668299
0.398765668299
0.286104834175
0.286104834175
0.362862795564
0.315985653933
0.315985653933
0.315985653933
0.315985653933
0.305591828008
1.02155013925
1.01700996288
1.01700996288
1.01829162867
1.01829162867
1.01829162867
1.01829162867
1.01829162867
1.01829162867
1.01829162867
1.12956019337
1.12190910994
1.04286242093
0.919049488132
0.919049488132
0.881250429322
0.819880478665
0.806673489087
0.747840735607
0.547425802424
1.1473043949
1.0838893757
1.0838893757
0.722602664092
0.483718202834
0.483718202834
0.483718202834
0.356848121499
0.356848121499
0.356848121499
0.27488910913
0.27488910913
0.27488910913
0.27488910913
0.27488910913
0.256107625975
0.256107625975
0.256107625975
0.187939395816
0.187939395816
0.157287176774
0.157287176774
0.157287176774
0.157287176774
0.157287176774
0.157287176774
0.157287176774
0.146506413636
0.146506413636
0.146506413636
1.36513377245
1.36513377245
1.36513377245
1.36513377245
1.36513377245
1.36513377245
0.839283779397
0.640713802078
0.640713802078
0.640713802078
1.08661139087
1.01970879541
1.01970879541
1.01970879541
0.839919543835
0.839919543835
0.71415628118
0.711215750374
0.711215750374
0.716396702937
0.925595131265
0.834020412811
0.678040152915
0.662195193791
0.662195193791
0.662195193791
0.662195193791
0.662195193791
0.662195193791
0.660489840978
0.196587549233
0.196587549233
0.196587549233
0.196587549233
0.196587549233
0.189768557103
0.231569916237
0.231569916237
0.23304335236
0.23304335236
0.746622238331
0.746622238331
0.388034484561
0.341229441491
0.341229441491
0.304923873762
0.304923873762
0.258655625831
0.258655625831
0.258655625831
1.05548320181
1.05548320181
1.02673207534
1.02673207534
0.937122116383
0.912570767016
0.750653582832
0.750653582832
0.750653582832
0.750653582832
0.63823083837
0.304288205068
0.311289867658
0.254253791841
0.254253791841
0.254253791841
0.454681836695
0.454681836695
0.372960970209
0.396787092515
1.26356023004
1.26356023004
1.07824181433
1.07824181433
1.07824181433
0.890094753032
0.890094753032
0.890094753032
0.783904879182
0.290904899979
0.224049509479
0.224034236824
0.224034236824
0.232272330882
0.232272330882
0.232272330882
0.231137955971
0.129777708467
0.129777708467
0.129777708467
0.584201536473
0.434981014422
0.371777420797
0.216963568585
0.216963568585
0.216963568585
0.216963568585
0.216563220572
0.31398979198
0.31398979198
1.13731523484
1.13731523484
1.10588123749
1.10588123749
1.10588123749
1.10588123749
1.10588123749
0.746317770998
0.746317770998
0.746317770998
1.04079628785
1.04079628785
1.04079628785
0.983712218413
0.983600182642
0.983600182642
0.983600182642
0.983600182642
0.932248887686
0.932248887686
1.04692113974
1.04692113974
1.04692113974
1.04692113974
1.04692113974
1.04692113974
1.04692113974
1.04692113974
1.04692113974
0.951442396573
1.05073787985
1.05073787985
1.03009605623
1.06620422476
1.06620422476
0.877280149861
0.877280149861
0.877280149861
0.890971080377
0.890971080377
0.324829247837
0.246101363648
0.246101363648
0.246101363648
0.246101363648
0.246101363648
0.24725391193
0.357288177363
0.357288177363
0.357288177363
0.852226384136
0.852226384136
0.852226384136
0.573836215054
0.557186381171
0.557186381171
0.567236638326
0.344599007298
0.344599007298
0.344599007298
0.782430618765
0.782430618765
0.782430618765
0.643062164966
0.643062164966
0.643062164966
0.641861243834
0.581000917317
0.40018314865
0.39457848408
1.0291760581
1.01633902821
1.01401663122
1.0025824393
0.824866484597
0.802106651024
0.802106651024
0.795907695638
0.75682670726
0.638461341537
0.813705090168
0.56495024895
0.194148560706
0.194148560706
0.194148560706
0.194148560706
0.194148560706
0.194148560706
0.194148560706
0.194148560706
0.435425465189
0.435425465189
0.435425465189
0.435425465189
0.435425465189
0.435425465189
0.435425465189
0.435425465189
0.591018664299
0.372755544397
1.08372348366
1.08372348366
1.0783466778
1.08735897066
1.08735897066
1.0788866082
1.0788866082
1.0788866082
1.0788866082
1.0788866082
1.22348368937
1.22348368937
0.95736293161
0.95736293161
0.73258786594
0.73258786594
0.682559861879
0.467160351713
0.467160351713
0.443257985639
0.66158175455
0.686422527713
0.725056605759
0.331263144272
0.331263144272
0.331263144272
0.331263144272
0.331263144272
0.331263144272
0.303819953145
0.518406678112
0.518406678112
0.178710598766
0.178710598766
0.178710598766
0.178710598766
0.178710598766
0.178710598766
0.178710598766
0.178710598766
1.07139638118
1.07139638118
0.866850760091
0.852586563644
0.852586563644
0.775651998858
0.775651998858
0.775651998858
0.782833366452
0.782833366452
0.992102180028
0.992102180028
0.992102180028
0.992102180028
0.979097168555
0.979097168555
0.978000449194
0.965554460285
0.950307919211
0.950307919211
1.20864948325
1.12653326088
0.909097379954
0.904755997414
0.657751011554
0.657751011554
0.547553177404
0.547553177404
0.547553177404
0.524282122021
1.01184128767
0.955843629088
0.953164229944
0.953164229944
0.949996659337
0.949996659337
0.949996659337
0.938390217818
0.897159528406
0.930044896595
0.835126881701
0.766709132664
0.714100241815
0.714100241815
0.714100241815
0.574480457452
0.574480457452
0.574480457452
0.125796690111
0.125796690111
0.273232383081
0.273232383081
0.173056190313
0.173056190313
0.173056190313
0.272035020963
0.272035020963
0.221898661598
0.221898661598
0.221898661598
0.0335516510847
0.261875425957
0.260901237072
0.260901237072
0.260901237072
0.260901237072
0.260901237072
0.260901237072
0.260901237072
0.260901237072
1.08614188782
1.0887251398
1.09872955679
1.09872955679
0.715968016699
0.498146827653
0.498146827653
0.153997512884
0.153997512884
0.153997512884
0.843330084728
0.843330084728
0.706634616057
0.706634616057
0.706634616057
0.706634616057
0.706634616057
0.628276856251
0.628406669137
0.579389551221
0.976490773077
0.964220289217
0.96344732116
0.96344732116
0.96344732116
0.870833765774
0.767212971153
0.630499029598
0.630499029598
0.633788964434
1.23212075413
1.22218555269
1.22218555269
1.22218555269
1.29313916664
1.29346406953
1.27659709638
1.2383510388
1.2383510388
1.2383510388
1.00488973533
1.00488973533
0.843751618195
0.802331782089
0.802331782089
0.565687618274
0.472734861415
0.341584164491
0.341584164491
0.260513025738
1.28251150808
1.2008470466
1.09660417894
1.09660417894
0.82875959597
0.82875959597
0.82875959597
0.82875959597
0.82875959597
0.831103498251
1.03395237019
0.847374863861
0.82518099727
0.82518099727
0.82518099727
0.724527392405
0.724527392405
0.643272837136
0.643272837136
0.481381552332
0.117810061044
0.117810061044
0.117810061044
0.117810061044
0.117810061044
0.173466806898
0.169136114462
0.169136114462
0.169136114462
0.135513273108
1.20881253247
1.16544785915
1.16544785915
1.16544785915
1.08123906087
0.961446854181
0.961446854181
0.961446854181
0.961446854181
0.961446854181
0.824026894003
0.824026894003
0.824026894003
0.824026894003
0.824026894003
0.824026894003
0.824026894003
0.824026894003
0.535445369609
0.535445369609
1.25243644925
1.25243644925
1.25243644925
1.25243644925
1.25243644925
1.25243644925
1.25243644925
1.25243644925
1.25243644925
1.25243644925
0.386829421539
0.386829421539
0.386829421539
0.281034309319
0.324325457718
0.324325457718
0.324325457718
0.324325457718
0.324325457718
0.324325457718
0.331964960373
0.306995849962
0.306995849962
0.306995849962
0.306995849962
0.306995849962
0.290539448735
0.290539448735
0.277756305315
0.277756305315
1.20836214579
1.20836214579
1.24112169927
1.24112169927
1.24112169927
1.04430642667
1.03223724364
1.03223724364
0.964388635395
0.749029426364
0.754159227803
0.754159227803
0.754159227803
0.754159227803
0.754159227803
0.749566445257
0.749566445257
0.749566445257
0.749566445257
0.578667686077
1.247511766
1.1639819542
0.725976191643
0.728154518806
0.728154518806
0.722675536143
0.722675536143
0.40540990867
0.40540990867
0.402097757324
1.25418750221
1.07804106295
0.873427722821
0.608670524016
0.523541182984
0.403904158622
0.0684632046745
0.0684632046745
0.0684632046745
0.102650362054
0.330598772673
0.330598772673
0.231281863328
0.231281863328
0.231281863328
0.231281863328
0.231281863328
0.231281863328
0.231281863328
0.231281863328
0.806445479036
0.781215060114
0.781215060114
0.781215060114
0.660854632203
0.660854632203
0.488094864558
0.488094864558
0.488094864558
0.488094864558
0.416832735563
0.416832735563
0.413652301654
0.22289922281
0.22289922281
0.22289922281
0.22289922281
0.22289922281
0.228218767971
0.228218767971
1.20182081392
1.20182081392
1.20182081392
1.20182081392
1.20600883419
1.10654205316
1.10654205316
0.863361703722
0.844649713092
0.678493198754
0.988888622726
0.988888622726
0.988888622726
0.988888622726
0.851380464573
0.78336754403
0.78336754403
0.78336754403
0.78336754403
0.786739568742
1.08281408312
1.07061872078
1.04399397144
1.04300516583
1.03138980724
0.722092997158
0.722092997158
0.704815647342
0.709801094154
0.528309149616
1.11774061062
1.11774061062
1.0419015083
1.0409327615
0.901056450569
0.901056450569
0.901056450569
0.844078817722
0.571786913409
0.571786913409
0.963148608228
0.963148608228
0.963148608228
0.960601865366
0.91119729893
0.804755972603
0.727763059933
0.727763059933
0.727763059933
0.734626569246
1.03067546259
1.01885456477
1.01828758724
0.856246054027
0.856246054027
0.801416278899
0.801416278899
0.533943476138
0.533943476138
0.362163360335
1.02512273839
0.993853089604
0.993853089604
0.993853089604
0.968019830016
0.968019830016
0.969194799381
0.969194799381
0.969194799381
0.797626770706
1.08531136724
1.07966423653
1.07966423653
1.07966423653
1.07966423653
0.789353442008
0.789353442008
0.766176302801
0.766176302801
0.766176302801
0.71508934388
0.576951978248
0.561370378096
0.561370378096
0.479779455114
0.403241131684
0.389815993349
0.389815993349
0.389815993349
0.206378945051
1.07591824903
1.07591824903
1.07591824903
0.899154512782
0.899154512782
0.595533205581
0.490580599726
0.33546529421
0.33546529421
0.33546529421
0.510205466448
0.510205466448
0.510205466448
0.510205466448
0.483937140439
0.483937140439
0.483937140439
0.483937140439
0.483937140439
0.483937140439
0.149472185202
0.149472185202
0.149472185202
0.149472185202
0.149472185202
0.149472185202
0.165932534923
0.148373781054
0.148373781054
0.15633479207
1.02076238134
0.899514032639
0.83820400576
0.83820400576
0.83820400576
0.83820400576
0.83820400576
0.83820400576
0.83820400576
0.83820400576
1.30677714444
1.38312538595
1.38312538595
1.3801953285
1.3801953285
1.35980512915
1.35980512915
1.35980512915
1.35980512915
1.36297746429
0.961710409569
0.961710409569
0.911486679156
0.853437630871
0.853437630871
0.853437630871
0.855851429672
0.800975500843
0.707113515384
0.62268187054
0.941843017997
0.941843017997
0.941843017997
0.941843017997
0.941843017997
0.688873689311
0.620351963042
0.620351963042
0.617643027025
0.617643027025
1.29814774858
1.30526316013
1.31356402165
1.16336398709
1.0833137427
1.0833137427
1.0833137427
1.0833137427
1.0833137427
1.00226024504
0.223835123136
0.223835123136
0.226751628848
0.226751628848
0.226751628848
0.226751628848
0.226751628848
0.225861785876
0.201171654336
0.201171654336
1.04383803132
1.03549335293
1.03549335293
1.03549335293
1.03549335293
0.86806141023
0.86806141023
0.86806141023
0.857935648498
0.857935648498
1.05324950154
1.05324950154
1.03144611028
1.03144611028
1.03144611028
0.844067822287
0.844067822287
0.708413221753
0.688195942356
0.621041276702
0.271634934565
0.271634934565
0.271634934565
0.271634934565
0.271634934565
0.271634934565
0.271634934565
0.271634934565
0.271634934565
0.229859967266
0.711136472613
0.611868398801
0.609121901687
0.600012379484
0.583282872394
0.583282872394
0.530583740718
0.468856447085
0.348024067068
0.145249452347
1.03935114467
1.00129435997
0.961692694847
0.961692694847
0.961692694847
0.961692694847
0.961126717079
0.843098940351
0.816822997219
0.814600404121
0.121600493432
0.121600493432
0.128422768147
0.128422768147
0.128422768147
0.128422768147
0.128422768147
0.128422768147
0.00519081058321
0.00519081058321
0.986110845967
0.761868796787
0.771597058177
0.771597058177
0.726454999379
0.643729567477
0.643729567477
0.643729567477
0.643729567477
0.633610990671
1.16580281059
1.16580281059
1.16580281059
0.936434248011
0.936434248011
0.936434248011
0.920391388927
0.920391388927
0.920391388927
0.920391388927
0.188522338534
0.188522338534
0.188522338534
0.188522338534
0.188522338534
0.188522338534
0.188522338534
0.188522338534
0.188522338534
0.188522338534
0.285780418444
0.285780418444
0.285780418444
0.285780418444
0.285780418444
0.285780418444
0.285780418444
0.285780418444
0.254171179595
0.256100839994
