0.470247936733
0.470247936733
0.470247936733
0.470247936733
0.470247936733
0.470247936733
0.470247936733
0.470247936733
0.414424734854
0.414424734854
1.0172665714
1.16553437988
1.16147818335
0.872785674193
0.872785674193
0.872785674193
0.873741649396
0.781092859646
0.781092859646
0.750658528171
0.986638376186
0.943125758842
0.766446023243
0.766446023243
0.766446023243
0.766446023243
0.766446023243
0.766446023243
0.766446023243
0.766446023243
1.43007618517
1.15876989784
0.916499680981
0.916499680981
0.916499680981
0.822065164481
0.822065164481
0.963537485905
0.953432257528
0.953432257528
1.25802784609
1.25802784609
1.21781047626
1.21711276333
1.20630012323
1.20477746649
1.27536817962
1.27536817962
1.05708963642
0.970970679386
0.985946803456
0.985946803456
0.983739209663
0.911692336237
0.358109049725
0.358109049725
0.358109049725
0.358109049725
0.422353652922
0.422353652922
1.0943891963
0.925628081547
0.925628081547
0.925628081547
0.925628081547
0.925628081547
0.897450842032
0.897450842032
0.927514365732
1.05205905036
1.36440299924
1.31139245173
1.29231846207
1.10925289037
1.12495338547
1.08730100927
1.08730100927
1.04011905305
1.04011905305
0.849851707646
1.02549128841
0.990154261299
0.910587875221
0.910587875221
0.910587875221
0.910587875221
0.910587875221
0.940503489177
0.940503489177
0.940503489177
1.1111401686
1.13067278923
1.13067278923
1.13067278923
1.13067278923
1.13067278923
1.13067278923
1.06327633022
1.00527803932
1.00527803932
1.07627878194
1.08107903094
1.08107903094
1.08107903094
1.08107903094
1.08107903094
1.08107903094
1.08107903094
1.08107903094
1.08107903094
1.09956329374
1.37858842297
1.21534976141
1.3566637908
1.36118447455
1.40945771831
1.40945771831
1.36953320769
1.2381053542
1.2381053542
1.0126959173
1.01531320833
1.03397280827
1.03397280827
1.03834134561
0.977426695443
0.977426695443
0.977426695443
0.55747933861
0.55747933861
1.09566250924
1.09566250924
1.09566250924
1.09612168539
1.09612168539
1.09612168539
1.09612168539
1.09612168539
1.09612168539
1.14717984101
1.2451330582
1.2451330582
1.2451330582
1.2451330582
1.2451330582
1.2451330582
1.2451330582
1.2451330582
1.20898862186
1.20898862186
0.762199831419
0.984956524634
1.00740089322
1.00740089322
1.00740089322
1.0001724921
0.996508275672
0.945846317632
0.945846317632
0.973588744185
1.45131732578
1.45131732578
1.41187505426
1.41187505426
1.38091650192
1.38091650192
1.38091650192
1.37729217461
1.37729217461
1.31169298684
1.04560916415
1.04560916415
1.04560916415
1.04560916415
1.04560916415
1.04560916415
1.04560916415
1.04560916415
1.04560916415
1.04560916415
1.66343820214
1.67188709689
1.72930869731
1.72930869731
1.62394367863
1.62394367863
1.62394367863
1.62394367863
1.66489327851
1.66489327851
0.567133708429
0.343908551029
0.343908551029
0.37948174949
0.37948174949
0.37948174949
0.37948174949
0.37948174949
0.37948174949
0.37948174949
0.789955896591
0.789955896591
0.789955896591
0.789955896591
0.789955896591
0.789955896591
0.789955896591
0.765393282697
0.612176749127
0.612176749127
1.06712480767
1.06818824571
1.06818824571
1.10523997456
1.13197844979
0.95407183714
0.95407183714
0.95407183714
0.735288369333
0.735288369333
1.42594271302
1.42594271302
1.28649226419
1.32422571508
1.32422571508
1.32422571508
1.17384552604
1.05060770639
1.19047636195
1.15752676328
1.2034826216
1.2034826216
1.18411151621
1.18411151621
1.18411151621
1.19033962246
1.09119713553
1.09119713553
1.09119713553
1.09119713553
1.19712984154
1.22768810504
1.1443287054
1.1443287054
1.1443287054
1.1443287054
1.1443287054
1.1443287054
1.1443287054
1.1443287054
1.19692133502
1.19692133502
1.19692133502
1.19692133502
1.22419847991
1.25586044632
1.25586044632
1.26309880831
1.28211720295
1.28211720295
1.2373125959
1.2373125959
1.16105655409
1.1513233116
1.1513233116
1.10620650364
1.03721600527
1.03721600527
1.03721600527
0.982852012257
0.835339009536
0.654352132223
0.654352132223
0.5540957574
0.5540957574
0.5540957574
0.5540957574
0.5540957574
0.5540957574
0.487101928017
1.3693463883
1.52692426902
1.52692426902
1.52692426902
1.4539254455
1.4539254455
1.37324146325
1.3005334774
1.29887407381
1.25066235754
0.94111200778
0.94111200778
0.94111200778
0.978346207903
0.978346207903
0.978346207903
0.978346207903
0.978346207903
0.974579481982
0.974579481982
1.02125773895
1.03736130723
1.03373348821
1.03373348821
1.03373348821
1.03373348821
1.00156453653
1.00156453653
1.00156453653
1.00156453653
1.2977555962
1.2977555962
1.34275830192
1.34275830192
1.344331086
1.344331086
1.344331086
1.344331086
1.22346216603
1.2348159221
1.3163626192
1.37153901209
1.37153901209
1.38863281526
1.38699570578
1.38772302691
1.38772302691
1.38772302691
1.38772302691
1.25782932553
1.19351837252
1.26198658918
1.26198658918
1.25911544267
1.2692239237
1.2692239237
1.2692239237
1.2692239237
1.2692239237
1.28584374796
1.47282970279
1.47282970279
1.47282970279
1.47282970279
1.40919634117
1.40919634117
1.40919634117
1.40919634117
1.47246906011
1.29938858399
1.20066641412
1.20066641412
1.19641156336
1.19641156336
1.19641156336
1.17513935256
1.17513935256
1.00682114641
1.00682114641
1.16601692387
0.652276417037
0.652276417037
0.652276417037
0.652276417037
0.652276417037
0.628182084683
0.628182084683
0.628182084683
0.628182084683
0.623431001922
1.04849615232
1.04849615232
1.0891958461
1.0891958461
0.961684642466
1.10365218839
1.14389569706
1.15811252163
1.15811252163
1.15811252163
1.27711545269
1.22676509999
1.22676509999
1.22676509999
1.12358563192
1.1151575487
0.929407434771
0.929407434771
0.796225887569
0.796225887569
1.1834840743
1.09555735089
1.09555735089
1.11804991588
1.12115982691
1.12115982691
1.15211920596
1.25098983104
1.10806162469
1.11966593784
1.21963646471
1.11445957381
1.11327838747
1.11327838747
1.09949609621
1.09949609621
1.04761532514
1.0220599628
1.0220599628
1.00374910342
1.55663874015
1.40516195247
1.41595629719
1.3071101597
1.3071101597
1.3071101597
1.30055505331
1.35802553414
1.4911487325
1.4911487325
1.22849458858
1.20928880166
1.20928880166
1.20928880166
1.20600151166
1.19939179756
1.162977419
1.14739192974
1.14739192974
1.07546167294
1.1369013093
1.2569038028
1.2569038028
1.2569038028
1.2569038028
1.2569038028
1.2569038028
1.17635755372
1.14933704899
1.08342908152
1.3696388738
1.49735439768
1.49735439768
1.62117100621
1.61232312324
1.33208786602
1.35140421687
1.35140421687
1.27357154042
1.27357154042
1.16146247977
1.16146247977
1.17746128124
1.17263504379
1.19981150637
1.19981150637
1.19981150637
1.30404338424
1.30404338424
1.21772616535
1.30887241357
1.3719475356
1.16818623226
1.14795272621
1.11811681571
1.0767338858
1.0767338858
1.10880744194
1.10880744194
1.10880744194
1.13373474812
1.13373474812
1.21054227833
1.21054227833
1.33434994303
1.15493795014
1.15493795014
1.16634413498
1.14863471733
1.14863471733
1.11276366662
1.11503316002
1.14593832593
1.15736075642
1.15736075642
1.16754220664
1.16754220664
1.16754220664
1.14728201096
1.14728201096
1.07581036258
1.07581036258
1.07581036258
1.07581036258
1.07581036258
0.930568882501
0.930568882501
0.930568882501
1.05684642522
1.02538198678
1.08704854357
1.09484322272
1.09484322272
1.10592603016
1.10592603016
1.10592603016
1.10592603016
1.04833504861
1.04833504861
1.04833504861
1.64328151558
1.64328151558
1.64328151558
1.64328151558
1.54678042915
1.36276607909
1.36276607909
1.36276607909
1.36276607909
1.36276607909
1.15061176506
1.06906068382
1.06906068382
1.06906068382
1.06906068382
1.06906068382
1.06906068382
1.05345408042
0.992815045451
0.992815045451
1.38628058204
1.35737816749
1.35161277138
1.35161277138
1.32070570945
1.41307676007
1.41494431134
1.38101886365
1.38101886365
1.43856030138
1.54453078427
1.54453078427
1.54453078427
1.54453078427
1.73254810091
1.73254810091
1.73254810091
1.45011833694
1.30043220168
1.30043220168
1.16151300384
1.16151300384
1.16154872013
1.14177427305
1.14177427305
1.14177427305
1.14177427305
1.14177427305
1.15783785062
1.15783785062
1.10066670943
0.911627226985
0.98014633575
0.98014633575
0.98014633575
0.890461099791
0.632616069945
0.632616069945
0.632616069945
0.632616069945
1.15259698394
1.15259698394
1.14830618946
1.1406235223
1.1406235223
1.1406235223
1.1406235223
1.1055036017
1.1055036017
1.1055036017
1.06336811677
1.06336811677
1.06336811677
1.05265101844
1.05084448125
1.05084448125
1.05084448125
1.05084448125
1.05084448125
1.10237113238
1.04530701846
1.04530701846
1.05382159146
1.05382159146
1.05382159146
1.05382159146
1.05382159146
1.05382159146
1.05382159146
1.05382159146
1.27111171796
1.36381338839
1.36381338839
1.36381338839
1.36381338839
1.36875663019
1.36875663019
1.36875663019
1.36875663019
1.36875663019
1.1062992323
1.1277448925
1.00637019224
1.00637019224
0.791891941938
0.701374357134
0.701374357134
0.90425966079
0.90425966079
0.881190261218
1.65670162143
1.65774436856
1.65774436856
1.65774436856
1.65774436856
1.39968636664
1.39968636664
1.19145081725
1.19145081725
1.23473077265
0.562934040706
0.371476480004
0.371476480004
0.371476480004
0.368286997227
0.486750681693
0.482737542412
0.482737542412
0.482737542412
0.482737542412
1.22783752676
1.23978485365
1.23978485365
1.22381476462
1.1981193259
1.1981193259
1.1981193259
1.18250266159
1.22056286542
1.22056286542
0.973601522735
0.973601522735
0.973601522735
0.902553965264
0.922692367397
0.986728932172
0.986728932172
0.986728932172
1.13561751416
1.13561751416
1.11640574762
1.2696207141
1.2696207141
1.2696207141
1.2696207141
1.2696207141
1.2696207141
1.25703959263
1.19291376824
1.19380297807
0.99846683424
0.99846683424
0.99846683424
0.88473724463
0.709938758057
0.933114609287
0.789032936745
0.789032936745
0.786299732745
0.789701375452
1.24479083036
1.22170688934
1.22098283406
1.22098283406
1.22065653389
1.22065653389
1.25682630674
1.25682630674
1.01740669347
0.996329826174
1.01782829995
1.01782829995
1.01782829995
0.950288936465
0.910034730853
0.760095130202
0.830837313087
0.830837313087
0.830837313087
0.619227942204
1.26991368929
0.976377930547
0.639119472573
0.617836676994
0.617836676994
0.617836676994
0.435214098971
0.435214098971
0.435214098971
0.435214098971
1.29543232237
1.29543232237
1.26142534687
1.26142534687
1.26142534687
1.48517504388
1.57127935452
1.52225420963
1.45329085212
1.45329085212
1.33711830552
1.33711830552
1.33711830552
1.33711830552
1.35522881441
1.40602173709
1.26498578253
1.26425268199
1.26425268199
1.22029693838
1.14176477866
1.14176477866
0.961087554646
0.961087554646
0.771796579282
0.793241909454
0.793241909454
0.793241909454
0.920992025714
0.918398013456
1.75084772025
1.75084772025
1.74829469889
1.74829469889
1.74829469889
1.66609367998
1.66609367998
1.52589994819
1.52589994819
1.3281203288
1.37018521031
1.40887144873
1.40887144873
1.40887144873
1.40887144873
1.40887144873
1.41080586736
1.39054345607
1.39054345607
1.39054345607
0.73880401984
0.836755329481
0.836755329481
0.890463109274
0.85282656803
0.85282656803
0.914246583692
0.914246583692
0.914246583692
0.771754375848
1.39406317661
1.39406317661
1.46476111917
1.46476111917
1.46476111917
1.46476111917
1.46476111917
1.46476111917
1.59906214947
1.59906214947
1.23952711231
1.24116405176
1.18847930985
1.08531404406
1.08531404406
1.08491534074
1.08461170789
1.08461170789
1.08461170789
1.08461170789
1.13097367549
1.13097367549
1.13097367549
1.07185450811
1.05693136765
1.08298961684
1.08298961684
1.08298961684
1.08298961684
1.08298961684
1.1506678801
1.12528254741
1.13566238717
1.07123319604
1.07123319604
0.892519575816
0.892519575816
0.785687068404
0.646335972703
0.464204128202
1.23041502358
1.25126409967
1.25126409967
1.23886437731
1.23886437731
1.23886437731
1.23886437731
1.10307820347
1.10307820347
1.10307820347
1.15334340976
1.15334340976
1.15334340976
1.15334340976
1.15334340976
1.04958913803
0.916245987396
0.931343935914
0.918607760836
0.854643539294
1.5282649278
1.46920250135
1.46920250135
1.46920250135
1.55690053414
1.57220691075
1.57220691075
1.5283298446
1.5283298446
1.45901882347
0.814440588297
0.814440588297
0.723116946474
0.723116946474
0.723116946474
0.723116946474
0.723116946474
0.723116946474
0.723116946474
0.723116946474
1.21111558433
1.28130331695
1.28130331695
1.30125521289
1.38494895352
1.3743463377
1.3743463377
1.43721030389
1.25904192436
1.25904192436
0.882878005387
0.882878005387
0.719050984967
0.728168668123
0.728168668123
0.728168668123
0.722124091382
0.686736590863
0.686736590863
0.686736590863
1.05270431614
1.05270431614
1.05270431614
1.05270431614
1.01456074396
0.997814558012
0.933489282901
0.933489282901
0.933489282901
0.898888775518
1.3810400151
1.3810400151
1.3686591412
1.3686591412
1.26186624884
1.26186624884
1.30290591103
1.12762323593
1.12762323593
1.113460361
1.02549523832
1.10361019714
1.10361019714
1.00298264906
0.985438859571
0.985438859571
1.02570114781
1.02570114781
1.02570114781
1.02570114781
1.03498186194
1.03498186194
1.03498186194
1.03498186194
1.00682279726
1.00682279726
1.00682279726
1.00682279726
1.00682279726
1.00168897992
0.789466633018
0.789466633018
0.727917497294
0.727917497294
0.727917497294
0.729768765285
0.60402663525
0.60402663525
0.607174337547
0.607174337547
1.41543844353
1.41543844353
1.41543844353
1.15394720146
1.15394720146
1.15394720146
1.15394720146
1.19931803553
1.19931803553
1.19931803553
1.02275104168
1.01305287619
0.963879041194
0.963879041194
0.839313876457
0.839313876457
0.839313876457
0.839313876457
0.839313876457
0.839313876457
1.19009066282
1.19009066282
1.28212708647
1.30069128038
1.30069128038
1.30069128038
1.25717581295
1.25717581295
1.15179106032
1.16411615904
1.68792141722
1.54398578562
1.54398578562
1.51674413666
1.50572365309
1.1640074878
1.10086901908
1.07789700006
1.04014906002
1.04014906002
0.985631477436
0.985631477436
0.985631477436
0.856508676747
0.876574525317
0.876574525317
0.876574525317
0.876574525317
0.81678834846
0.81678834846
1.22657630268
1.22657630268
1.29321759679
1.28287043495
1.28287043495
1.28287043495
1.28287043495
1.28287043495
1.37263587991
1.28802996088
0.886781541196
0.886781541196
0.886781541196
0.886781541196
0.886781541196
0.886781541196
0.886781541196
0.886781541196
0.886781541196
0.886781541196
1.0580962172
1.0580962172
1.0580962172
1.0580962172
1.0580962172
0.812018847778
0.812018847778
0.764842913373
0.611954677854
0.620906881282
