253.59372
263.909772
253.837584
264.96072
267.49062
269.71326
259.764948
245.556792
247.036176
261.749448
224.154
223.8543
221.530572
227.120652
229.661244
223.58538
232.239096
226.682496
248.274828
257.211828
268.076412
247.25574
236.963556
242.9919
247.271184
229.944528
233.847108
254.079288
242.70462
239.24052
249.933492
264.169296
258.169032
232.536636
238.4181
245.524284
273.689604
281.543796
249.094548
244.516752
240.028056
284.328576
255.658788
247.284468
251.956008
251.7858
259.576704
281.71368
261.657108
246.314412
231.185988
248.8914
263.574324
274.301424
295.203528
308.99934
297.792504
290.698956
285.462792
281.660868
280.954548
262.414728
275.20236
251.564184
241.653996
222.618672
242.94492
240.918948
255.493008
305.728344
290.890116
260.42796
279.895284
314.082468
347.04396
284.305788
294.524964
308.33082
313.000524
316.001412
310.49244
286.04826
295.243812
310.683924
307.288188
300.657636
312.378336
324.57402
321.293736
346.855932
345.932208
345.27654
377.88336
318.87972
322.508412
323.737236
329.230872
321.113592
317.009484
339.52932
353.860812
346.889304
323.517996
332.821548
330.203412
321.79896
324.211572
325.421064
321.134544
314.185176
319.992876
308.56842
311.652792
313.698204
305.279496
290.061864
293.69196
295.11162
268.077924
251.926308
254.676096
246.717576
303.866316
282.71376
233.058708
214.568244
239.212224
221.714064
298.753596
267.775632
246.100572
246.297672
242.81424
243.743904
277.166988
294.61104
286.617312
295.957692
301.681476
301.946184
297.575532
302.276664
281.512476
276.82074
288.128988
286.8372
262.627596
293.693796
275.545692
295.5528
299.5947
242.743068
191.121552
203.921388
202.843656
220.596156
220.22874
233.90424
250.12206
218.009772
220.869072
223.265592
212.443668
223.985412
230.95152
240.94692
227.092032
228.857724
224.073108
207.335808
224.531784
229.007196
233.958996
234.239904
227.020212
221.562972
221.702292
228.644208
218.338956
222.364548
229.222548
217.174824
229.689324
221.480244
224.412984
226.679148
224.405208
216.907092
223.189884
229.37472
231.430824
234.928188
233.060868
240.74226
241.922052
225.788256
235.350144
240.261336
234.59544
238.840596
235.792728
237.54438
234.379548
230.219172
237.282588
239.004864
239.761512
269.489268
261.55548
229.75488
210.421584
230.192496
163.679724
131.3793
131.739912
134.282124
121.655952
118.816632
122.344236
121.497084
96.9399036
94.3371036
90.1278468
91.8525312
60.770844
68.2014924
76.811598
71.2453968
72.7559496
31.3679304
43.72299
52.6393512
86.778918
98.399394
117.359496
112.238244
102.1567572
93.4882776
86.8212648
88.4989152
88.092468
98.2500192
84.1983876
89.6152572
153.358056
179.168976
171.6309
322.966332
494.546796
494.55252
226.694484
191.846772
215.960904
218.359692
226.397484
239.548536
240.82866
244.740528
244.360584
255.791736
262.857204
270.558684
273.765852
267.201504
262.642284
265.047444
249.175656
261.780876
262.59174
238.267548
245.038824
255.5415
258.309648
241.70832
254.901384
258.861636
250.804944
273.835512
261.933156
257.039352
256.804884
230.85702
202.285296
204.730416
189.904176
221.178492
190.673784
211.619628
216.153468
192.891672
214.90218
217.426788
206.699472
209.659104
195.574068
232.186716
243.433296
245.396952
253.298124
281.534076
294.426036
266.383836
244.882008
247.330692
205.652412
174.447
175.319316
119.456208
198.141552
170.379072
180.174348
171.826488
178.701228
175.996476
176.820624
174.9411
198.549576
196.27488
187.160868
189.3213
174.075696
185.527044
198.773568
218.971944
192.463452
211.60656
232.781148
231.188256
240.657804
240.629292
254.956788
251.465148
241.43454
244.039716
236.16684
239.249808
237.950568
248.556384
255.668292
274.081644
276.447924
304.922016
302.122656
291.509928
297.359424
289.389132
308.8314
309.386844
309.800376
294.592032
298.687068
295.905636
304.539696
299.948076
308.044512
306.633276
290.924352
298.397844
314.586396
328.427352
317.772072
323.456112
316.733112
319.610988
326.820636
317.599056
341.843652
349.352136
367.9614
368.96904
336.8925
355.29786
349.23474
331.245396
348.274404
348.74766
317.597976
312.18588
322.060752
334.73898
328.049892
320.362128
325.166616
322.452036
318.83328
304.337736
323.277588
326.7891
323.679132
339.267744
329.20398
315.58788
321.037776
292.367016
304.7139
293.677488
319.889196
302.61114
305.341164
289.964556
286.72488
268.976916
258.335244
287.704872
277.292916
244.532088
269.45406
275.427864
297.809028
271.393956
286.258968
284.511204
279.713844
283.637268
290.742696
289.453068
286.813764
330.27264
298.05678
292.77234
282.792816
271.557144
250.495092
259.666344
244.576152
251.255844
235.976868
237.3705
236.666124
239.338692
226.539612
224.839476
213.610392
211.355892
201.794652
263.333592
234.887364
230.959836
222.873876
210.080844
219.405024
220.276908
222.46488
241.40754
242.92494
240.845076
253.920312
286.583832
274.581252
258.764976
264.964824
239.545512
217.434132
222.646968
262.19106
253.528056
277.139556
253.570932
267.238224
230.305896
239.058108
242.317116
230.391756
229.618368
235.976436
232.1892
273.046356
270.836568
251.039736
254.838744
250.259436
265.46022
268.305804
254.697588
261.080172
261.85572
236.466864
244.017144
255.233592
253.192068
272.442204
250.494984
223.34886
240.704568
224.358444
227.405556
215.622648
217.97694
226.64448
242.336016
257.946552
276.588432
243.213192
236.93634
245.26692
236.125476
227.737224
232.44894
227.036304
231.507612
232.680168
239.196888
249.214968
238.83282
251.877168
247.942404
244.622808
242.522316
257.15718
273.551364
265.51422
279.104724
253.197144
259.547976
230.413464
236.961504
221.8779
236.332512
245.034504
263.492244
280.169064
285.45426
256.808664
253.557864
250.311276
234.574272
243.382104
281.307924
280.707012
282.84876
281.44476
289.725984
287.232912
260.034948
276.562944
276.785316
272.949264
253.509264
259.485876
274.624776
287.464788
252.550224
204.720588
190.159272
245.363904
261.534096
255.450996
254.524248
274.851252
228.519576
295.132572
309.41838
282.784284
280.991484
272.503116
278.2917
267.758136
272.55798
291.121668
316.315152
328.50414
294.907824
284.276304
280.569636
288.981108
295.957908
279.39222
283.470732
319.334616
289.69002
276.313032
293.593032
302.41512
298.472364
276.81858
282.261564
272.406456
281.607192
267.025248
258.058656
281.71854
276.767496
299.599668
292.723092
296.211492
295.972812
305.91378
279.497304
279.65466
312.15078
306.518796
304.974288
281.46636
310.5756
284.148432
294.317604
310.53564
277.74414
262.859796
259.22862
259.218684
245.946996
272.463912
277.506108
245.213676
256.427964
253.019376
260.914608
247.941756
245.708532
234.949464
249.9201
249.383448
246.806244
243.15066
239.432544
244.5741
275.417928
265.034268
265.858308
259.92414
244.098684
282.845412
268.077492
275.4
244.583496
276.495444
283.183668
282.627684
268.667712
242.36658
256.246632
281.333088
271.255392
264.175884
248.56632
244.352376
257.87376
233.332812
238.598784
258.730308
239.255208
246.19788
252.869796
252.980928
262.55502
227.205108
257.789844
255.88764
259.011324
250.872336
241.890732
231.319908
235.226268
233.398584
231.62706
248.329476
243.029484
251.077644
277.49142
285.055308
237.949596
235.020096
235.120104
225.931032
225.513072
218.393064
219.125952
238.573404
232.786332
228.35898
227.046348
223.574796
221.581332
220.415472
230.191524
203.73012
207.694368
187.887384
198.566208
227.376828
237.654216
232.034436
240.9669
235.821132
267.801984
254.964672
264.514356
230.184396
243.596052
255.274092
276.026076
290.368692
292.047768
300.839832
262.523484
263.284236
249.319512
240.408
252.974988
268.586928
260.240904
256.536396
257.244984
277.592184
284.131152
286.750692
282.069108
274.696488
252.244692
261.868572
261.44154
303.434424
292.419072
291.694284
297.63288
292.80366
298.413936
296.039016
283.023828
267.412212
285.943716
296.577072
296.50428
282.610404
286.613532
296.352
250.548012
261.97128
250.965324
239.030136
233.089812
243.485892
239.717448
241.261092
260.895708
272.064096
242.879256
213.123096
236.175804
243.482976
271.799064
276.498576
227.434176
245.740284
261.74016
251.522712
263.99952
267.618492
249.62418
239.431032
254.978172
245.484756
280.574496
299.93706
261.994284
246.885408
244.247724
247.383828
264.861144
250.37856
240.81624
245.273508
231.788736
259.331436
283.76676
279.1989
279.14112
268.794612
272.756376
262.1295
259.797996
248.514372
265.358484
269.71488
287.0586
278.74044
276.477516
283.57182
274.308012
262.823616
230.420484
232.708464
241.726356
234.32112
243.086184
227.734308
207.840924
228.579624
212.524236
223.252956
226.605816
257.385816
234.502344
237.14802
225.819144
226.491444
220.231224
237.190356
264.491892
281.721564
305.621532
312.979356
308.242692
304.573068
302.678856
303.76242
306.974448
334.665324
324.705672
330.849144
339.751368
334.988028
334.071648
341.410248
360.067788
377.640468
365.390136
355.03542
345.959964
354.62232
362.732904
347.522832
356.654664
339.79176
351.116964
347.229072
374.048496
338.876676
335.901924
353.926584
315.858312
320.15142
275.658444
289.110492
289.030788
284.040108
290.292444
265.0941
275.56686
279.987192
255.337488
241.619976
246.71412
241.697736
241.819236
267.143076
249.94224
252.741708
240.478092
271.546344
290.30022
296.120124
297.42822
262.777608
263.4039
285.984864
289.481472
280.18494
301.070412
309.872736
311.584968
325.097064
306.647856
316.033164
319.120776
311.951736
301.786668
284.729796
271.04112
262.868112
264.580776
274.048596
294.376572
309.857832
310.976388
279.294048
306.596016
316.810008
315.289908
318.965688
307.750212
317.559528
307.711548
304.568424
302.50314
294.344388
298.337796
299.16864
317.355516
308.175192
311.22414
304.427376
312.330708
276.015816
291.784248
308.176272
305.007984
278.620236
299.099304
302.73264
297.813024
311.47362
315.865116
314.579052
308.646072
296.899668
290.093616
284.086764
282.291372
271.111104
235.804284
215.133084
206.247384
197.65512
188.182224
179.073504
184.634424
194.598936
196.664652
192.876336
184.573188
210.989664
216.027324
211.4775
236.840004
234.788436
269.044632
279.099432
310.802292
316.980756
317.757816
313.635132
297.460296
309.139632
301.860432
298.442988
315.470808
306.753696
305.489664
298.317492
287.90964
292.147344
283.62582
281.237292
292.123368
288.67644
277.606332
292.82904
301.955688
302.742252
301.72932
305.430156
304.580628
289.78938
305.5941
296.329968
284.181156
278.565372
266.796828
265.045716
241.654752
232.117272
220.208436
218.822472
225.780912
219.638412
218.488104
223.545204
181.892412
236.069748
227.223576
218.39166
212.35716
215.071308
198.514044
171.167148
161.7462
212.502096
205.094484
186.812784
186.245892
180.533664
186.102036
187.153308
173.80656
165.364092
166.214484
175.232484
186.686532
186.515244
180.29952
172.021968
169.93098
178.92738
201.77262
187.104168
195.361524
193.038876
195.50322
181.751364
186.193944
188.251236
190.338012
184.051548
189.211464
185.528556
186.356484
185.941764
192.401784
192.84858
182.774772
188.05014
187.47558
182.095884
177.821784
182.99844
198.2691
187.661988
189.676404
190.863
183.890628
196.599096
192.706452
183.69018
157.337856
136.60542
264.167568
206.485092
163.452384
180.061164
149.395968
184.884984
199.551492
183.226536
193.9005
227.492604
216.857304
223.851492
222.486696
217.905012
233.150724
227.069244
230.935104
225.006012
217.297188
226.860804
228.182616
239.3172
234.689508
236.561256
233.789868
228.499704
236.526156
235.304568
240.98796
230.444028
251.504136
246.432348
263.454012
264.296304
259.05312
250.831188
233.341668
229.025664
223.778592
237.753144
243.755892
231.650604
227.927628
228.64734
231.618528
240.026976
205.82856
221.465232
205.315236
222.094548
211.847616
217.81926
194.275584
198.752508
230.188716
229.291344
226.936404
227.696832
230.067108
233.029656
200.140956
181.64196
192.832704
196.652556
183.276756
202.487364
192.989412
230.00382
182.389428
201.848112
210.636072
197.880732
222.639516
211.057596
220.61754
225.514584
233.79138
238.499748
228.54852
235.12518
233.898732
246.65526
251.399592
243.002052
238.976568
234.887796
214.852068
235.503072
253.952712
254.697588
242.293788
289.293228
296.742852
302.99724
311.260752
312.745752
322.258068
286.476264
297.835056
295.940088
285.914232
299.676348
311.9958
307.869876
315.971496
310.864824
325.258308
330.037308
331.474464
330.76404
331.206732
325.004292
320.233068
328.277232
316.029708
306.464364
338.673312
343.262232
338.336784
359.528976
315.528588
301.725648
296.100684
298.336608
287.346528
298.02654
308.6721
298.324512
304.241832
301.161672
286.2108
297.943704
288.659268
289.221192
291.2328
289.160172
290.826288
290.880936
269.9298
272.580552
263.46168
269.092584
269.698032
277.143984
286.437168
280.003608
294.97878
300.74328
301.098384
302.203548
303.1506
293.796936
297.000864
323.261496
318.305376
329.727348
329.394384
338.356116
335.782044
334.445544
330.302448
328.071708
350.167104
353.403756
350.0388
326.922156
324.783324
307.860696
300.907548
293.135436
269.381916
281.555136
298.52118
278.768412
287.284536
286.505964
278.040816
291.071016
288.170352
258.62112
248.754564
226.401696
256.937076
260.418024
232.47486
220.03812
223.993296
219.942216
216.764748
206.908128
225.829728
217.339632
253.936404
231.25284
224.151948
225.911052
228.991752
227.722968
244.478196
237.630348
234.505908
230.626872
235.062432
242.608176
247.991436
258.150132
242.043984
230.41638
231.576516
223.365708
199.129752
230.79438
211.482144
222.594156
208.699956
199.818792
229.151484
210.038292
187.051788
180.43668
218.255688
235.543788
226.428912
219.742956
230.388732
240.462216
245.611116
234.37836
232.805988
227.757636
240.689772
238.46346
228.80448
232.179156
237.940416
251.329068
237.678408
233.670636
227.00466
230.706468
235.348308
231.836904
237.204612
235.852344
232.470756
226.130616
225.253764
224.458452
226.031364
228.475512
221.477328
224.808156
206.684568
233.72442
237.83814
237.267252
224.802432
236.88234
227.482668
225.292752
228.646044
204.990264
219.2049
215.715312
222.336036
220.632984
197.318268
229.931568
228.477024
221.440932
230.28624
234.53118
237.558528
226.02294
231.953328
222.317568
228.108852
251.991108
264.100608
275.072004
259.50294
224.982144
202.335084
228.0474
234.128988
224.57034
230.358384
223.742304
230.943852
221.592672
222.981876
238.326624
231.999444
233.331192
232.99056
233.741052
235.891656
229.340052
231.320016
229.470516
234.692964
229.809528
246.322728
236.667312
238.65624
242.386668
236.007864
232.530696
235.131444
236.462436
225.406908
231.963048
226.428696
240.381
237.263904
233.461872
229.11498
237.280752
232.821216
222.475896
227.189988
196.629444
226.8945
210.11292
226.527084
217.525068
222.225768
223.431804
222.710796
223.760016
223.055964
229.62312
225.953604
218.994624
202.541256
203.262372
220.950288
215.069688
224.92512
217.312848
187.66242
213.448932
179.872812
221.290056
220.047732
211.007916
226.269612
223.006068
227.825568
223.781184
228.379068
225.62064
222.276204
223.013412
224.417628
224.377668
216.912168
222.9984
228.134448
204.141384
212.744124
208.747152
196.401996
212.192676
238.218516
226.59264
234.16452
248.095332
262.431792
273.193344
278.319132
259.342128
257.390784
273.000672
284.203728
282.482964
281.719296
282.746268
283.94928
273.788856
285.379524
267.549912
275.989356
278.73882
271.198476
231.848892
219.360852
251.864964
224.950068
217.636416
232.056792
243.317412
257.323176
226.89612
226.429992
227.272284
241.935012
243.513216
245.585628
233.64828
271.790748
245.972808
252.354204
247.969944
239.824692
275.244264
240.122664
227.270556
234.503316
242.310096
253.28592
232.93386
230.422104
240.544512
271.810512
268.326648
275.31792
262.989936
212.66658
233.014536
256.578948
248.574744
272.608092
278.76042
263.222892
237.502584
255.738708
214.34166
225.471492
253.293912
227.536236
223.477272
238.541976
239.43816
234.144
252.294264
241.4988
266.955264
280.198116
246.151656
278.975556
247.700376
253.557432
260.458956
249.817608
224.868636
234.380628
239.941656
257.897088
279.96462
280.731096
280.988676
273.043548
230.048964
254.222064
254.501784
270.40392
272.136996
267.526908
267.473232
244.53468
226.911024
226.317348
228.747132
220.54194
213.309396
203.383656
202.907808
184.315608
176.259132
170.775324
166.186836
163.521936
179.685864
152.561448
180.780336
144.985032
161.03718
152.61156
170.688276
179.4771
194.62464
201.386196
204.67512
222.258276
231.910452
227.533428
220.806216
225.084528
186.056352
202.210668
233.596008
217.688148
210.816216
218.050056
183.7728
210.518892
203.574492
212.16816
176.809068
206.181288
215.029836
202.267908
201.487716
231.085872
240.040476
235.741968
228.838176
229.320936
235.86876
237.430764
236.9871
241.992468
231.501132
227.99934
210.546972
203.715972
207.604512
179.625816
186.229368
191.611332
184.0968
189.388584
197.712576
184.173372
223.73442
180.677304
225.107424
230.651388
235.018152
222.867072
225.270072
230.4207
220.890564
238.057812
202.875732
230.965776
234.736596
240.842916
244.156356
188.034372
191.547072
225.351828
226.310328
224.089632
239.966604
229.195656
217.68318
225.473652
226.999476
220.302288
225.041868
209.224944
215.267868
226.719432
244.587384
239.220864
263.513628
280.993104
268.946244
277.5276
291.201156
279.44082
266.57802
274.546368
273.077244
288.033084
298.255608
297.516672
291.352032
290.999736
295.2531
287.43876
312.373152
288.904428
271.868616
258.039972
269.3682
267.15636
264.935556
260.136792
269.006508
274.489344
282.837528
288.455688
280.842984
284.739624
298.40886
303.798924
294.972084
295.569756
270.731484
300.700296
292.557312
290.634264
275.326884
290.601972
280.291428
282.564936
277.78086
274.998672
296.153712
282.90276
292.664988
285.342156
297.432324
303.714576
297.904608
291.017988
299.553768
316.774044
319.447584
331.404156
321.012072
310.401612
300.667032
297.316224
288.735192
288.721692
300.49434
292.496076
313.350768
307.448028
308.083716
316.128312
305.48124
295.782732
306.132156
290.111112
260.659188
236.057436
223.16958
193.1769
255.939048
239.065992
241.136568
251.592048
277.694028
245.094012
222.51888
230.674932
230.454288
237.70692
236.22516
231.8328
201.679956
224.327016
186.78654
213.501204
220.097088
193.625208
194.311116
223.942644
221.279256
215.89632
188.31798
215.87958
189.120312
210.761244
227.638944
218.297592
183.65616
178.781904
223.61346
184.815648
205.292556
222.382044
192.694896
184.318632
194.676588
183.670308
220.488048
227.515716
199.901304
200.28546
203.029956
181.880748
202.690404
186.754248
185.076468
187.850232
184.709916
188.361936
183.475908
183.012804
188.711424
176.912748
186.933312
172.474272
167.430348
168.412608
164.004048
167.027292
155.820672
140.016816
144.884484
143.852328
140.709852
129.321036
116.867772
137.618136
178.031412
167.704128
200.063952
174.278196
176.684976
172.780668
178.967772
180.49986
174.763224
176.877
179.764164
184.405464
185.830956
175.17924
171.445248
172.851084
170.4753
164.296296
170.823816
168.792552
174.484152
164.732724
162.043956
169.912836
172.199304
158.404032
164.677536
158.420664
170.763336
162.429948
166.815504
174.014784
173.882376
144.30474
147.580056
149.596308
145.769436
141.26022
135.93636
135.830412
138.734316
131.106708
150.108444
159.286068
159.96042
150.38676
146.523492
138.248208
150.506208
141.904872
142.384392
139.00842
146.980008
135.277776
126.870192
135.225828
126.940824
122.652576
126.409032
138.841128
139.327776
143.910972
142.217316
145.17738
135.144288
133.61166
126.579888
116.737956
120.895092
135.357264
140.161752
140.535
150.35328
140.631984
139.220748
141.503112
141.96276
142.88454
133.807356
139.356396
134.42976
125.496756
125.211744
121.343184
124.517088
123.9111
123.34626
122.152644
121.914288
120.600792
123.47748
132.977916
129.481308
125.390808
123.0309
116.582436
116.722728
116.97372
109.699056
109.881468
110.378268
110.277396
105.2743284
102.0662208
93.4827372
105.5811672
106.5504672
108.54756
102.9560544
90.7860636
111.518964
111.806568
96.2461656
113.922612
138.81996
138.5694
133.502904
144.044676
135.32184
114.913512
115.353288
119.367216
113.680368
115.213212
107.5780008
109.525716
105.8483808
104.6964096
111.809052
120.652416
115.12368
108.561276
109.98126
106.5997908
108.327024
104.9452524
110.462616
104.1390864
115.28514
117.673236
104.3383572
112.186836

