2.0002777778	86.255136
2.0008333333	84.704148
2.0011111111	89.107308
2.0016666667	72.681588
2.0022222222	69.504552
2.0027777778	73.959552
2.0033333333	76.97448
2.0038888889	80.122788
2.0044444444	100.701108
2.005	78.979716
2.0052777778	78.283548
2.0058333333	87.953436
2.0063888889	67.43538
2.0069444444	76.356612
2.0075	71.880552
2.0080555556	65.790432
2.0086111111	71.93736
2.0091666667	74.813292
2.0097222222	80.413092
2.01	98.844804
2.0105555556	89.600976
2.0111111111	68.941656
2.0116666667	47.782944
2.0122222222	60.428448
2.0127777778	54.016272
2.0133333333	66.526344
2.0138888889	67.16646
2.0141666667	68.625972
2.0147222222	81.927576
2.0152777778	75.05154
2.0158333333	68.49918
2.0163888889	88.020828
2.0169444444	72.325512
2.0175	72.512568
2.0180555556	61.462116
2.0183333333	65.93796
2.0188888889	60.356412
2.0194444444	70.339284
2.02	66.328704
2.0205555556	72.879336
2.0211111111	74.055132
2.0216666667	73.132164
2.0222222222	75.436128
2.0225	77.925744
2.0230555556	76.809132
2.0236111111	80.082828
2.0241666667	57.691512
2.0247222222	69.101496
2.0252777778	60.914988
2.0258333333	48.179952
2.0263888889	47.278908
2.0266666667	34.529184
2.0272222222	46.075356
2.0277777778	54.299772
2.0283333333	64.188252
2.0288888889	65.006136
2.0294444444	66.58218
2.03	63.594684
2.0305555556	66.73716
2.0311111111	71.786052
2.0313888889	81.1935
2.0319444444	80.09568
2.0325	84.119976
2.0330555556	82.74006
2.0336111111	57.6009
2.0341666667	46.89864
2.0347222222	62.874972
2.0352777778	53.74692
2.0355555556	51.622344
2.0361111111	50.450544
2.0366666667	38.113812
2.0372222222	26.593992
2.0377777778	62.462088
2.0383333333	60.036732
2.0388888889	48.047868
2.0394444444	57.6684
2.04	55.272636
2.0402777778	48.994056
2.0408333333	44.992764
2.0413888889	67.444884
2.0419444444	8.80866
2.0430555556	17.899128
2.0436111111	35.36856
2.0441666667	40.295304
2.0444444444	21.574692
2.045	17.896752
2.0455555556	45.507492
2.0461111111	68.802012
2.0466666667	59.970744
2.0472222222	50.85846
2.0477777778	51.195744
2.0483333333	47.614572
2.0488888889	36.021636
2.0497222222	22.701888
2.0502777778	49.536324
2.0508333333	45.3294
2.0513888889	36.08514
2.0519444444	20.013552
2.0525	31.39254
2.0530555556	19.480464
2.0533333333	54.53964
2.0538888889	30.26124
2.0544444444	62.703252
2.055	32.677416
2.0555555556	46.61568
2.0561111111	13.3101
2.0566666667	7.431768
2.0572222222	8.023068
2.0577777778	32.541984
2.0580555556	46.032048
2.0586111111	38.290392
2.0591666667	20.062476
2.0597222222	16.039584
2.0602777778	40.154796
2.0608333333	55.576872
2.0613888889	18.607392
2.0619444444	10.118268
2.0622222222	17.786052
2.0627777778	9.920628
2.0633333333	25.7598
2.0638888889	37.200996
2.0644444444	39.16206
2.065	48.957336
2.0655555556	73.761804
2.0661111111	27.408852
2.0669444444	27.69516
2.0675	14.693148
2.0680555556	42.01056
2.0686111111	39.444804
2.0691666667	60.866928
2.0697222222	38.472912
2.0702777778	25.583436
2.0705555556	16.6635
2.0711111111	22.977828
2.0716666667	25.638732
2.0722222222	23.73858
2.0727777778	23.651532
2.0733333333	33.839928
2.0738888889	32.343048
2.0744444444	53.530704
2.075	5.204592
2.0752777778	35.051148
2.0758333333	21.5505
2.0763888889	28.102752
2.0769444444	25.2549
2.0775	18.269244
2.0780555556	41.888412
2.0786111111	43.175988
2.0791666667	43.758216
2.0797222222	32.533992
2.08	25.962732
2.0805555556	34.850052
2.0811111111	50.325588
2.0816666667	64.125504
2.0822222222	42.946056
2.0827777778	46.73718
2.0833333333	23.974668
2.0838888889	29.111256
2.0841666667	56.141064
2.0847222222	40.636908
2.0852777778	38.265876
2.0858333333	10.03932
2.0863888889	32.144004
2.0869444444	13.166892
2.0875	32.582808
2.0877777778	20.552364
2.0883333333	20.304504
2.0888888889	18.639576
2.0894444444	27.090468
2.09	55.41012
2.0905555556	33.426828
2.0911111111	33.98994
2.0916666667	39.704328
2.0922222222	39.660912
2.0925	23.65704
2.0930555556	21.77838
2.0936111111	19.107756
2.0941666667	18.207036
2.0947222222	26.09838
2.0952777778	42.009912
2.0958333333	34.696908
2.0963888889	28.749996
2.0969444444	36.818136
2.0975	35.855748
2.0977777778	35.672472
2.0983333333	19.376028
2.0988888889	27.153756
2.0994444444	25.305552
2.1	33.5331
2.1005555556	36.09432
2.1011111111	29.64672
2.1016666667	18.352944
2.1022222222	8.400852
2.1025	12.71286
2.1030555556	29.922768
2.1036111111	38.30238
2.1041666667	35.09802
2.1047222222	0.332064
2.1052777778	69.253992
2.1058333333	47.095524
2.1063888889	27.545688
2.1066666667	35.247384
2.1072222222	33.412572
2.1077777778	36.32544
2.1083333333	39.568248
2.1088888889	34.322256
2.1094444444	28.197468
2.11	31.627332
2.1105555556	44.660988
2.1108333333	43.514784
2.1113888889	36.463356
2.1119444444	31.086576
2.1125	53.394624
2.1130555556	20.557224
2.1136111111	23.007312
2.1141666667	23.744628
2.1147222222	34.803072
2.1152777778	37.978272
2.1155555556	37.934964
2.1161111111	28.083744
2.1166666667	26.242128
2.1172222222	20.887704
2.1177777778	26.12592
2.1183333333	45.854604
2.1188888889	41.427144
2.1194444444	23.08896
2.1197222222	25.496928
2.1202777778	29.362788
2.1208333333	33.640668
2.1213888889	27.046512
2.1219444444	38.269008
2.1225	28.840068
2.1230555556	36.996336
2.1233333333	33.409332
2.1238888889	44.180928
2.1244444444	29.455776
2.125	11.62746
2.1255555556	29.233944
2.1261111111	12.776472
2.1266666667	52.29
2.1272222222	61.32042
2.1277777778	45.500472
2.1280555556	27.255276
2.1286111111	33.155208
2.1291666667	93.258396
2.1297222222	107.61948
2.1302777778	32.472972
2.1308333333	52.923852
2.1313888889	45.895428
2.1319444444	66.392316
2.1325	90.554076
2.1327777778	100.761264
2.1333333333	94.080924
2.1338888889	82.112472
2.1344444444	61.250436
2.135	55.679256
2.1355555556	58.049964
2.1361111111	86.905836
2.1363888889	89.12124
2.1369444444	91.639692
2.1375	93.311208
2.1380555556	80.498088
2.1386111111	74.3355
2.1391666667	66.857796
2.1397222222	82.794924
2.1402777778	67.86954
2.1405555556	69.370524
2.1411111111	77.62464
2.1416666667	83.487636
2.1422222222	68.880636
2.1427777778	74.802924
2.1433333333	82.128456
2.1438888889	76.22874
2.1444444444	91.38978
2.1447222222	88.961076
2.1452777778	94.409028
2.1458333333	101.568888
2.1463888889	90.9108
2.1469444444	80.369352
2.1475	84.331008
2.1480555556	90.724932
2.1486111111	88.571304
2.1491666667	88.38306
2.1494444444	95.298732
2.15	87.968664
2.1505555556	85.873032
2.1511111111	79.187508
2.1516666667	78.10848
2.1522222222	96.980832
2.1527777778	100.072548
2.1533333333	107.956224
2.1538888889	112.29642
2.1541666667	87.477048
2.1547222222	93.48012
2.1552777778	99.347328
2.1558333333	105.486372
2.1563888889	118.013292
2.1569444444	107.812692
2.1575	107.978796
2.1577777778	110.680416
2.1583333333	115.935804
2.1588888889	114.12054
2.1594444444	117.83574
2.16	120.282264
2.1605555556	114.321636
2.1611111111	114.226056
2.1616666667	122.903964
2.1622222222	120.967524
2.1625	122.895
2.1630555556	124.729488
2.1636111111	122.183928
2.1641666667	121.286664
2.1647222222	124.629912
2.1652777778	123.510276
2.1658333333	131.836104
2.1663888889	131.980716
2.1669444444	129.412908
2.1672222222	128.399544
2.1677777778	121.289148
2.1683333333	120.53196
2.1688888889	121.909284
2.1694444444	136.351368
2.17	130.814424
2.1705555556	126.53784
2.1711111111	121.625784
2.1713888889	130.481892
2.1719444444	118.067508
2.1725	118.384704
2.1730555556	114.00768
2.1736111111	115.060572
2.1741666667	115.438896
2.1747222222	110.117628
2.1752777778	108.869688
2.1755555556	108.54612
2.1761111111	103.73418
2.1766666667	96.78924
2.1772222222	102.885516
2.1777777778	103.289328
2.1783333333	93.74526
2.1788888889	90.591768
2.1794444444	94.914144
2.18	90.689508
2.1802777778	102.138156
2.1808333333	87.790572
2.1813888889	103.212
2.1819444444	87.838848
2.1825	88.942716
2.1830555556	84.772188
2.1836111111	86.657004
2.1841666667	97.025868
2.1844444444	93.65076
2.185	90.607536
2.1855555556	87.42186
2.1861111111	83.308896
2.1866666667	89.982972
2.1872222222	94.128768
2.1877777778	106.38288
2.1883333333	85.160556
2.1886111111	99.457488
2.1891666667	109.58724
2.1897222222	107.512668
2.1902777778	101.534652
2.1908333333	100.649484
2.1913888889	105.976476
2.1919444444	102.882492
2.1925	102.772116
2.1930555556	99.517212
2.1933333333	103.146876
2.1938888889	103.9491
2.1944444444	86.2884
2.195	93.92562
2.1955555556	93.34134
2.1961111111	110.605032
2.1966666667	104.745168
2.1972222222	100.103544
2.1975	100.122012
2.1980555556	103.859784
2.1986111111	108.49914
2.1991666667	106.70202
2.1997222222	109.535832
2.2002777778	110.563776
2.2008333333	109.1169
2.2013888889	114.701904
2.2016666667	109.8243
2.2022222222	107.956764
2.2027777778	96.80382
2.2033333333	104.435532
2.2038888889	101.580228
2.2044444444	103.775436
2.205	113.625576
2.2052777778	108.529272
2.2058333333	104.812344
2.2063888889	106.29432
2.2069444444	106.424028
2.2075	106.347888
2.2080555556	102.89286
2.2086111111	89.941824
2.2091666667	105.20568
2.2094444444	107.33328
2.21	106.438824
2.2105555556	100.129032
2.2111111111	94.116996
2.2116666667	103.897692
2.2122222222	89.444592
2.2127777778	89.33346
2.2133333333	87.568308
2.2138888889	92.843028
2.2141666667	97.478064
2.2147222222	99.267084
2.2152777778	85.664916
2.2158333333	83.949444
2.2163888889	94.323492
2.2169444444	96.036372
2.2175	91.912392
2.2180555556	87.553188
2.2186111111	83.974716
2.2191666667	86.951196
2.2194444444	91.468188
2.22	88.656192
2.2205555556	82.251684
2.2211111111	90.437004
2.2216666667	91.989288
2.2222222222	101.368224
2.2227777778	94.220676
2.2233333333	99.50976
2.2238888889	88.830936
2.2241666667	89.12556
2.2247222222	93.756276
2.2252777778	102.35232
2.2258333333	95.905584
2.2263888889	88.656948
2.2269444444	102.63528
2.2275	104.059584
2.2280555556	99.17712
2.2286111111	107.583084
2.2288888889	101.124468
2.2294444444	100.723032
2.23	101.108484
2.2305555556	106.462152
2.2311111111	102.32316
2.2316666667	100.294164
2.2322222222	105.472332
2.2327777778	107.332308
2.2330555556	106.743168
2.2336111111	105.835104
2.2341666667	108.473544
2.2347222222	106.902252
2.2352777778	110.955276
2.2358333333	109.486368
2.2363888889	111.126132
2.2369444444	105.011388
2.2372222222	110.880972
2.2377777778	106.307496
2.2383333333	113.562072
2.2388888889	112.547304
2.2394444444	110.492496
2.24	108.09522
2.2405555556	106.40556
2.2411111111	109.68228
2.2413888889	111.59658
2.2419444444	108.677772
2.2425	108.891288
2.2430555556	108.043488
2.2436111111	112.537908
2.2441666667	106.716168
2.2447222222	107.189532
2.2452777778	103.180356
2.2458333333	103.60674
2.2461111111	106.772652
2.2466666667	98.136
2.2472222222	100.98774
2.2477777778	95.280264
2.2483333333	95.39982
2.2488888889	99.068796
2.2494444444	104.091768
2.2497222222	90.468216
2.2502777778	102.045924
2.2508333333	113.602572
2.2513888889	104.16672
2.2519444444	102.992544
2.2525	99.432324
2.2530555556	96.653268
2.2536111111	100.515456
2.2538888889	105.031908
2.2544444444	97.254288
2.255	90.233316
2.2555555556	94.6692
2.2561111111	90.95346
2.2566666667	90.481932
2.2572222222	95.697468
2.2577777778	94.229316
2.2583333333	102.054348
2.2588888889	93.58434
2.2591666667	93.51468
2.2597222222	92.836764
2.2602777778	95.05368
2.2608333333	89.245764
2.2613888889	86.771916
2.2619444444	95.781924
2.2625	82.807884
2.2630555556	96.437052
2.2636111111	87.815952
2.2638888889	91.856556
2.2644444444	99.303696
2.265	88.967124
2.2655555556	95.979348
2.2661111111	87.571116
2.2666666667	86.673636
2.2672222222	93.500532
2.2677777778	100.190052
2.2680555556	83.598984
2.2686111111	90.54792
2.2691666667	101.960064
2.2697222222	91.438272
2.2702777778	87.699636
2.2708333333	92.82672
2.2713888889	90.390348
2.2719444444	90.319608
2.2722222222	91.824372
2.2727777778	100.08378
2.2733333333	88.572816
2.2738888889	99.38556
2.2744444444	93.398688
2.275	104.017572
2.2755555556	91.868544
2.2761111111	91.218924
2.2766666667	92.056248
2.2769444444	93.17502
2.2775	93.015936
2.2780555556	88.588584
2.2786111111	90.717372
2.2791666667	99.03402
2.2797222222	89.2746
2.2802777778	94.225104
2.2808333333	94.071096
2.2811111111	91.45296
2.2816666667	99.92826
2.2822222222	94.790376
2.2827777778	93.432492
2.2833333333	90.460224
2.2838888889	96.871752
2.2844444444	96.225588
2.285	100.534788
2.2855555556	104.211324
2.2858333333	98.171208
2.2863888889	90.527076
2.2869444444	100.166616
2.2875	101.7432
2.2880555556	90.006516
2.2886111111	98.340768
2.2891666667	91.659564
2.2897222222	95.353596
2.29	98.298648
2.2905555556	96.767208
2.2911111111	105.224364
2.2916666667	90.553968
2.2922222222	94.194648
2.2927777778	92.882016
2.2933333333	91.421316
2.2938888889	95.12118
2.2944444444	98.483004
2.2947222222	98.203176
2.2952777778	91.985292
2.2958333333	98.276184
2.2963888889	87.367752
2.2969444444	104.707152
2.2975	90.448884
2.2980555556	100.576584
2.2986111111	99.768852
2.2991666667	96.372036
2.2994444444	90.311616
2.3	88.076016
2.3005555556	90.262152
2.3011111111	101.59146
2.3016666667	96.537816
2.3022222222	94.09248
2.3027777778	108.036036
2.3033333333	100.171692
2.3036111111	99.543564
2.3041666667	107.544852
2.3047222222	96.269976
2.3052777778	95.994576
2.3058333333	109.768248
2.3063888889	103.721868
2.3069444444	108.918072
2.3075	113.582592
2.3080555556	106.017408
2.3083333333	112.580244
2.3088888889	114.896736
2.3094444444	117.336456
2.31	120.112488
2.3105555556	117.873324
2.3111111111	116.860392
2.3116666667	116.834688
2.3122222222	116.614476
2.3125	120.51792
2.3130555556	113.360868
2.3136111111	118.185876
2.3141666667	113.544252
2.3147222222	121.628808
2.3152777778	112.693536
2.3158333333	121.158468
2.3163888889	117.469944
2.3169444444	116.577648
2.3172222222	113.74416
2.3177777778	113.817168
2.3183333333	110.6451
2.3188888889	111.504024
2.3194444444	113.867064
2.32	110.577276
2.3205555556	108.298152
2.3211111111	104.300316
2.3213888889	108.936432
2.3219444444	100.207224
2.3225	110.969424
2.3230555556	109.933272
2.3236111111	115.93926
2.3241666667	115.516548
2.3247222222	112.397292
2.3252777778	119.222892
2.3255555556	108.856296
2.3261111111	109.543608
2.3266666667	112.042512
2.3272222222	118.978704
2.3277777778	115.897248
2.3283333333	113.762412
2.3288888889	110.239884
2.3294444444	114.49476
2.3297222222	107.91162
2.3302777778	104.313708
2.3308333333	107.329392
2.3313888889	111.959676
2.3319444444	111.147084
2.3325	111.866904
2.3330555556	106.0119
2.3336111111	109.63746
2.3338888889	105.544152
2.3344444444	113.429664
2.335	108.618912
2.3355555556	108.085932
2.3361111111	115.544412
2.3366666667	113.56596
2.3372222222	114.436872
2.3377777778	108.92844
2.3380555556	107.553276
2.3386111111	107.940564
2.3391666667	109.007496
2.3397222222	110.620476
2.3402777778	111.318048
2.3408333333	107.187048
2.3413888889	114.123132
2.3419444444	106.516692
2.3425	106.239888
2.3427777778	113.219928
2.3433333333	108.430344
2.3438888889	105.800652
2.3444444444	102.577608
2.345	104.550012
2.3455555556	100.80684
2.3461111111	104.907816
2.3466666667	102.684636
2.3469444444	103.839912
2.3475	101.450952
2.3480555556	106.4628
2.3486111111	108.372132
2.3491666667	105.594804
2.3497222222	103.841208
2.3502777778	105.383988
2.3508333333	105.089688
2.3511111111	101.141964
2.3516666667	103.266432
2.3522222222	101.281824
2.3527777778	103.04082
2.3533333333	103.132728
2.3538888889	105.390576
2.3544444444	103.206924
2.355	104.087232
2.3552777778	107.639244
2.3558333333	103.962924
2.3563888889	101.608956
2.3569444444	108.932976
2.3575	107.465796
2.3580555556	102.728916
2.3586111111	107.176356
2.3591666667	107.94024
2.3594444444	109.89342
2.36	111.588588
2.3605555556	103.490424
2.3611111111	107.233488
2.3616666667	102.66174
2.3622222222	103.459104
2.3627777778	101.698488
2.3633333333	105.148224
2.3638888889	106.81596
2.3641666667	101.44458
2.3647222222	105.477732
2.3652777778	104.43618
2.3658333333	105.831
2.3663888889	103.999212
2.3669444444	97.37028
2.3675	102.840912
2.3680555556	100.073412
2.3686111111	97.753788
2.3688888889	104.65164
2.3694444444	104.106888
2.37	103.362336
2.3705555556	94.764024
2.3711111111	99.298944
2.3716666667	100.269972
2.3722222222	96.457032
2.3727777778	92.182824
2.3730555556	89.107956
2.3736111111	94.583988
2.3741666667	97.051356
2.3747222222	95.678784
2.3752777778	97.141428
2.3758333333	86.709168
2.3763888889	89.153964
2.3769444444	92.152476
2.3772222222	93.964824
2.3777777778	91.498968
2.3783333333	88.614612
2.3788888889	100.599048
2.3794444444	96.390504
2.38	94.544676
2.3805555556	102.902904
2.3808333333	97.584552
2.3813888889	97.530876
2.3819444444	103.955364
2.3825	97.05924
2.3830555556	90.08568
2.3836111111	109.449324
2.3841666667	97.020576
2.3847222222	101.279772
2.3852777778	102.923964
2.3855555556	102.823308
2.3861111111	87.76044
2.3866666667	94.218624
2.3872222222	100.438344
2.3877777778	103.323456
2.3883333333	99.400896
2.3888888889	94.885956
2.3894444444	102.124008
2.3897222222	101.821068
2.3902777778	95.705352
2.3908333333	85.226436
2.3913888889	101.699028
2.3919444444	102.814668
2.3925	106.5708
2.3930555556	103.410288
2.3933333333	99.240516
2.3938888889	105.054912
2.3944444444	109.374264
2.395	101.796444
2.3955555556	105.611328
2.3961111111	109.744488
2.3966666667	108.132264
2.3972222222	114.819192
2.3977777778	120.635532
2.3980555556	119.658996
2.3986111111	114.221304
2.3991666667	121.8312
2.3997222222	113.418864
2.4002777778	115.745616
2.4008333333	105.941916
2.4013888889	108.878004
2.4016666667	116.544816
2.4022222222	108.55746
2.4027777778	103.634496
2.4033333333	105.26076
2.4038888889	106.540668
2.4044444444	116.377848
2.405	111.51774
2.4055555556	107.226144
2.4058333333	98.954208
2.4063888889	111.121164
2.4069444444	106.606116
2.4075	93.52602
2.4080555556	98.842428
2.4086111111	112.984164
2.4091666667	105.247584
2.4097222222	99.612036
2.4102777778	102.762504
2.4105555556	96.712236
2.4111111111	99.165888
2.4116666667	98.128764
2.4122222222	95.275296
2.4127777778	92.9871
2.4133333333	104.388336
2.4138888889	99.432
2.4144444444	105.526764
2.4147222222	97.572024
2.4152777778	89.421048
2.4158333333	96.764184
2.4163888889	101.13138
2.4169444444	108.364356
2.4175	99.293976
2.4180555556	92.40768
2.4186111111	96.26382
2.4191666667	98.327376
2.4194444444	103.86756
2.42	86.349312
2.4205555556	108.50832
2.4211111111	105.970968
2.4216666667	101.1411
2.4222222222	96.966252
2.4227777778	100.811592
2.4233333333	105.959412
2.4236111111	99.3537
2.4241666667	94.248
2.4247222222	87.696072
2.4252777778	102.162348
2.4258333333	101.44296
2.4263888889	95.527152
2.4269444444	107.242776
2.4275	109.768788
2.4277777778	102.199932
2.4283333333	90.919764
2.4288888889	103.690116
2.4294444444	95.675004
2.43	107.951904
2.4305555556	108.910728
2.4311111111	107.055504
2.4316666667	107.73018
2.4322222222	99.257256
2.4325	103.564404
2.4330555556	103.987656
2.4336111111	101.482812
2.4341666667	117.499968
2.4347222222	108.235836
2.4352777778	106.218828
2.4358333333	100.633176
2.4361111111	118.838088
2.4366666667	110.324988
2.4372222222	97.47774
2.4377777778	105.146604
2.4383333333	106.58376
2.4388888889	106.758072
2.4394444444	112.934268
2.44	104.967756
2.4405555556	108.913644
2.4408333333	95.4009
2.4413888889	98.893188
2.4419444444	107.545392
2.4425	102.381156
2.4430555556	106.733124
2.4436111111	104.143716
2.4441666667	110.688084
2.4447222222	102.616488
2.445	110.367432
2.4455555556	115.61472
2.4461111111	114.920712
2.4466666667	112.361652
2.4472222222	112.529916
2.4477777778	108.810936
2.4483333333	99.585252
2.4488888889	100.776816
2.4494444444	98.272296
2.4497222222	95.856984
2.4502777778	97.220916
2.4508333333	88.679952
2.4513888889	97.901856
2.4519444444	82.750536
2.4525	85.082256
2.4530555556	84.502836
2.4536111111	96.076224
2.4538888889	102.50244
2.4544444444	109.30266
2.455	94.812624
2.4555555556	100.34568
2.4561111111	92.837196
2.4566666667	85.341996
2.4572222222	88.605216
2.4575	91.870812
2.4580555556	91.907316
2.4586111111	88.564608
2.4591666667	91.928808
2.4597222222	87.030144
2.4602777778	92.676924
2.4608333333	95.04666
2.4613888889	103.552092
2.4616666667	105.929928
2.4622222222	87.260184
2.4627777778	89.98902
2.4633333333	85.4487
2.4638888889	90.872892
2.4644444444	98.356212
2.465	95.950512
2.4655555556	87.815412
2.4661111111	78.653988
2.4663888889	86.824944
2.4669444444	82.28106
2.4675	80.825544
2.4680555556	89.004168
2.4686111111	92.57778
2.4691666667	84.604788
2.4697222222	74.601612
2.47	84.94164
2.4705555556	86.361624
2.4711111111	76.137264
2.4716666667	84.67974
2.4722222222	96.232608
2.4727777778	78.275124
2.4733333333	91.860012
2.4738888889	88.023744
2.4744444444	78.42978
2.4747222222	64.856556
2.4752777778	76.939596
2.4758333333	77.153868
2.4763888889	78.712848
2.4769444444	73.840536
2.4775	61.821864
2.4780555556	77.62356
2.4786111111	78.917076
2.4788888889	70.585092
2.4794444444	70.554636
2.48	77.513832
2.4805555556	78.453648
2.4811111111	77.574528
2.4816666667	76.332636
2.4822222222	74.757564
2.4827777778	78.616728
2.4833333333	83.28006
2.4836111111	96.551856
2.4841666667	78.538644
2.4847222222	74.49696
2.4852777778	87.5304
2.4858333333	89.6229
2.4863888889	88.97922
2.4869444444	83.685816
2.4875	91.281672
2.4877777778	97.176096
2.4883333333	104.37516
2.4888888889	75.020868
2.4894444444	86.525892
2.49	88.918416
2.4905555556	99.580932
2.4911111111	100.281312
2.4916666667	89.883828
2.4922222222	88.547004
2.4925	88.410384
2.4930555556	98.15382
2.4936111111	94.369176
2.4941666667	94.395636
2.4947222222	84.61602
2.4952777778	82.500624
2.4958333333	87.539364
2.4963888889	88.160796
2.4969444444	80.606196
2.4972222222	85.803804
2.4977777778	93.375576
2.4983333333	95.298408
2.4988888889	101.821176
2.4994444444	103.866588
2.5	110.529864
2.5005555556	92.72466
2.5011111111	102.13524
2.5016666667	106.207488
2.5019444444	115.79616
2.5025	111.48912
2.5030555556	113.433336
2.5036111111	113.025096
2.5041666667	108.332172
2.5047222222	110.049912
2.5052777778	100.24686
2.5055555556	102.794904
2.5061111111	105.757884
2.5066666667	105.660468
2.5072222222	101.067228
2.5077777778	109.721052
2.5083333333	119.904156
2.5088888889	113.894928
2.5094444444	105.979176
2.5097222222	113.709276
2.5102777778	118.99566
2.5108333333	124.723116
2.5113888889	120.361752
2.5119444444	112.406364
2.5125	111.861504
2.5130555556	118.107576
2.5136111111	110.459664
2.5141666667	119.557152
2.5144444444	125.379648
2.515	120.839004
2.5155555556	119.193732
2.5161111111	136.574172
2.5166666667	134.383716
2.5172222222	120.312396
2.5177777778	114.97212
2.5183333333	111.83742
2.5188888889	114.379092
2.5191666667	117.473076
2.5197222222	130.467096
2.5202777778	123.481548
2.5208333333	116.9415
2.5213888889	122.083704
2.5219444444	124.311852
2.5225	124.927884
2.5227777778	125.701488
2.5233333333	128.903688
2.5238888889	130.86756
2.5244444444	132.781644
2.525	128.156976
2.5255555556	127.217808
2.5261111111	136.915452
2.5266666667	120.164112
2.5269444444	128.648592
2.5275	127.234548
2.5280555556	125.546076
2.5286111111	129.50298
2.5291666667	129.13524
2.5297222222	127.699704
2.5302777778	128.11572
2.5308333333	130.83192
2.5313888889	124.22664
2.5316666667	133.3359
2.5322222222	130.48848
2.5327777778	120.087864
2.5333333333	117.292068
2.5338888889	125.55396
2.5344444444	138.514284
2.535	133.99254
2.5355555556	122.451984
2.5361111111	115.879644
2.5363888889	122.335668
2.5369444444	122.83182
2.5375	126.013284
2.5380555556	125.936172
2.5386111111	124.139916
2.5391666667	132.54696
2.5397222222	128.881332
2.5402777778	133.781832
2.5405555556	122.47002
2.5411111111	122.681268
2.5416666667	111.019428
2.5422222222	102.68658
2.5427777778	117.62136
2.5433333333	106.917804
2.5438888889	102.273696
2.5444444444	110.664
2.5447222222	111.026772
2.5452777778	116.60832
2.5458333333	101.144232
2.5463888889	98.990604
2.5469444444	98.444664
2.5475	104.980932
2.5480555556	125.22132
2.5486111111	117.186876
2.5488888889	112.806828
2.5494444444	102.31128
2.55	105.478488
2.5505555556	120.81816
2.5511111111	117.97344
2.5516666667	120.588336
2.5522222222	120.808332
2.5527777778	118.611828
2.5533333333	115.438032
2.5536111111	117.527292
2.5541666667	108.15678
2.5547222222	107.228196
2.5552777778	96.098364
2.5558333333	100.421496
2.5563888889	95.413644
2.5569444444	96.099228
2.5575	95.20704
2.5580555556	100.111104
2.5583333333	104.072004
2.5588888889	106.692516
2.5594444444	107.626284
2.56	108.916884
2.5605555556	112.812228
2.5611111111	100.353888
2.5616666667	91.564524
2.5622222222	91.90224
2.5625	100.683396
2.5630555556	108.298692
2.5636111111	110.06298
2.5641666667	106.90668
2.5647222222	114.464736
2.5652777778	106.446708
2.5658333333	102.252852
2.5663888889	93.90888
2.5669444444	103.600368
2.5672222222	104.388012
2.5677777778	106.062984
2.5683333333	108.389736
2.5688888889	99.9261
2.5694444444	103.609332
2.57	108.905328
2.5705555556	101.414448
2.5708333333	99.444636
2.5713888889	110.622744
2.5719444444	108.556056
2.5725	100.319112
2.5730555556	108.191772
2.5736111111	103.931064
2.5741666667	108.315
2.5747222222	103.017168
2.575	105.22188
2.5755555556	106.436556
2.5761111111	104.000616
2.5766666667	109.340352
2.5772222222	106.546824
2.5777777778	102.967596
2.5783333333	95.67198
2.5788888889	96.39612
2.5794444444	93.3003
2.5797222222	100.388988
2.5802777778	100.116504
2.5808333333	98.107164
2.5813888889	110.137608
2.5819444444	106.857648
2.5825	109.060308
2.5830555556	111.14676
2.5836111111	116.327952
2.5841666667	108.355284
2.5844444444	102.01968
2.585	106.650396
2.5855555556	108.305712
2.5861111111	114.422508
2.5866666667	119.603916
2.5872222222	115.29396
2.5877777778	109.515852
2.5880555556	111.5064
2.5886111111	116.939016
2.5891666667	114.624792
2.5897222222	115.098804
2.5902777778	117.084924
2.5908333333	119.117592
2.5913888889	109.526652
2.5919444444	106.376508
2.5925	114.01632
2.5927777778	118.443456
2.5933333333	112.292424
2.5938888889	107.19936
2.5944444444	116.837604
2.595	117.464004
2.5955555556	112.789116
2.5961111111	117.292824
2.5966666667	105.993324
2.5972222222	115.865496
2.5975	111.562344
2.5980555556	115.631568
2.5986111111	113.460984
2.5991666667	112.309812
2.5997222222	112.807908
2.6002777778	116.560152
2.6008333333	118.068156
2.6013888889	119.30076
2.6016666667	116.369748
2.6022222222	111.496896
2.6027777778	110.91564
2.6033333333	109.632816
2.6038888889	113.964264
2.6044444444	117.122508
2.605	117.511956
2.6052777778	113.067432
2.6058333333	112.1328
2.6063888889	114.900624
2.6069444444	109.126296
2.6075	106.397244
2.6080555556	111.75156
2.6086111111	108.368892
2.6091666667	113.879376
2.6094444444	116.3556
2.61	112.713408
2.6105555556	106.935516
2.6111111111	112.502808
2.6116666667	106.874712
2.6122222222	99.217836
2.6127777778	107.418384
2.6133333333	103.618836
2.6138888889	110.8017
2.6141666667	107.224092
2.6147222222	110.452644
2.6152777778	114.178644
2.6158333333	102.699972
2.6163888889	105.505596
2.6169444444	108.62388
2.6175	106.972128
2.6180555556	104.833512
2.6183333333	110.058768
2.6188888889	106.58592
2.6194444444	111.71862
2.62	107.646048
2.6205555556	92.71872
2.6211111111	88.39656
2.6216666667	94.729572
2.6222222222	103.068036
2.6227777778	86.006304
2.6230555556	82.8027
2.6236111111	83.814984
2.6241666667	97.534872
2.6247222222	106.73874
2.6252777778	108.340056
2.6258333333	93.6162
2.6263888889	92.081736
2.6269444444	91.744992
2.6272222222	101.157516
2.6277777778	105.74082
2.6283333333	106.69392
2.6288888889	96.857388
2.6294444444	80.538372
2.63	74.543616
2.6305555556	91.159632
2.6311111111	96.455412
2.6313888889	86.657976
2.6319444444	90.237636
2.6325	94.550724
2.6330555556	98.057052
2.6336111111	109.670184
2.6341666667	106.507728
2.6347222222	102.7233
2.6352777778	105.183432
2.6358333333	96.695604
2.6361111111	104.288328
2.6366666667	106.00596
2.6372222222	105.154272
2.6377777778	119.327544
2.6383333333	111.087252
2.6388888889	110.479212
2.6394444444	107.565588
2.6397222222	114.087276
2.6402777778	110.975148
2.6408333333	113.561964
2.6413888889	108.266076
2.6419444444	101.37978
2.6425	111.911616
2.6430555556	114.980112
2.6436111111	107.939916
2.6441666667	110.791656
2.6444444444	114.506748
2.645	111.83202
2.6455555556	109.15362
2.6461111111	111.533724
2.6466666667	115.622928
2.6472222222	117.951624
2.6477777778	114.441516
2.6483333333	118.395072
2.6488888889	121.879476
2.6491666667	112.190472
2.6497222222	117.069588
2.6502777778	118.5588
2.6508333333	121.825584
2.6513888889	123.555528
2.6519444444	127.238544
2.6525	120.713292
2.6530555556	130.399596
2.6533333333	131.324832
2.6538888889	126.47898
2.6544444444	128.853144
2.655	149.39712
2.6555555556	146.829852
2.6561111111	139.912992
2.6566666667	133.9488
2.6572222222	124.292736
2.6575	144.385272
2.6580555556	135.218556
2.6586111111	139.875948
2.6591666667	139.383468
2.6597222222	135.789552
2.6602777778	136.10826
2.6608333333	137.575332
2.6613888889	140.113332
2.6619444444	139.565664
2.6622222222	139.63446
2.6627777778	145.679868
2.6633333333	148.344228
2.6638888889	147.098556
2.6644444444	150.715368
2.665	147.537144
2.6655555556	145.24452
2.6661111111	147.38508
2.6666666667	141.81336
2.6669444444	142.39602
2.6675	145.094076
2.6680555556	153.227016
2.6686111111	153.996624
2.6691666667	148.278132
2.6697222222	151.01982
2.6702777778	146.456172
2.6708333333	150.443748
2.6711111111	155.62224
2.6716666667	153.777384
2.6722222222	149.949324
2.6727777778	155.181168
2.6733333333	154.190484
2.6738888889	147.122748
2.6744444444	150.926832
2.675	145.293444
2.6752777778	146.296224
2.6758333333	140.43204
2.6763888889	146.081952
2.6769444444	144.73692
2.6775	140.770404
2.6780555556	143.879184
2.6786111111	139.021884
2.6791666667	141.144624
2.6797222222	138.826188
2.68	142.623468
2.6805555556	145.888416
2.6811111111	149.863896
2.6816666667	144.535068
2.6822222222	147.41964
2.6827777778	146.489436
2.6833333333	146.35476
2.6838888889	147.653784
2.6841666667	148.889304
2.6847222222	153.028404
2.6852777778	159.331608
2.6858333333	143.783388
2.6863888889	165.568824
2.6869444444	150.975648
2.6875	154.93374
2.6880555556	150.140808
2.6883333333	144.046044
2.6888888889	150.481008
2.6894444444	149.734512
2.69	146.075688
2.6905555556	146.065644
2.6911111111	142.969608
2.6916666667	151.607988
2.6922222222	149.793696
2.6927777778	148.903668
2.6930555556	146.773044
2.6936111111	148.938228
2.6941666667	149.008536
2.6947222222	150.952968
2.6952777778	151.528608
2.6958333333	152.502768
2.6963888889	156.510324
2.6969444444	150.436836
2.6972222222	136.933704
2.6977777778	144.949572
2.6983333333	146.020068
2.6988888889	146.030544
2.6994444444	142.179264
2.7	150.455088
2.7005555556	145.824696
2.7011111111	150.764184
2.7013888889	143.604
2.7019444444	144.394236
2.7025	145.348092
2.7030555556	154.58814
2.7036111111	145.18944
2.7041666667	137.994804
2.7047222222	141.025068
2.7052777778	139.636188
2.7058333333	140.1588
2.7061111111	138.12246
2.7066666667	135.25992
2.7072222222	134.552844
2.7077777778	138.25476
2.7083333333	137.176488
2.7088888889	142.435116
2.7094444444	136.501596
2.71	130.9572
2.7102777778	120.646548
2.7108333333	122.793912
2.7113888889	118.948248
2.7119444444	111.046104
2.7125	119.27538
2.7130555556	107.561052
2.7136111111	104.28174
2.7141666667	117.282564
2.7144444444	108.558
2.715	122.948676
2.7155555556	120.752928
2.7161111111	129.02886
2.7166666667	113.9283
2.7172222222	102.69576
2.7177777778	101.740392
2.7180555556	103.075272
2.7186111111	107.961192
2.7191666667	106.627392
2.7197222222	99.903312
2.7202777778	112.795812
2.7208333333	111.44646
2.7213888889	114.417216
2.7219444444	111.169224
2.7222222222	94.994496
2.7227777778	106.036524
2.7233333333	95.390208
2.7238888889	97.610364
2.7244444444	105.588108
2.725	107.493336
2.7255555556	97.30278
2.7261111111	114.334056
2.7263888889	97.766748
2.7269444444	101.886624
2.7275	90.210096
2.7280555556	104.191776
2.7286111111	112.991508
2.7291666667	112.683276
2.7297222222	107.514828
2.7302777778	112.079988
2.7308333333	108.484236
2.7311111111	103.866156
2.7316666667	107.53308
2.7322222222	109.014624
2.7327777778	111.163716
2.7333333333	106.996212
2.7338888889	111.640752
2.7344444444	111.381876
2.735	111.71916
2.7352777778	103.537404
2.7358333333	108.185616
2.7363888889	110.826756
2.7369444444	115.863768
2.7375	109.944072
2.7380555556	107.190072
2.7386111111	106.235352
2.7391666667	107.877384
2.7394444444	107.66862
2.74	109.050264
2.7405555556	108.377748
2.7411111111	114.318504
2.7416666667	109.624284
2.7422222222	108.763632
2.7427777778	106.830108
2.7433333333	106.866396
2.7436111111	111.795948
2.7441666667	115.611588
2.7447222222	121.97214
2.7452777778	108.968724
2.7458333333	100.350864
2.7463888889	114.705468
2.7469444444	123.246972
2.7475	123.358104
2.7477777778	118.93086
2.7483333333	100.210896
2.7488888889	100.091232
2.7494444444	98.302536
2.75	107.024616
2.7505555556	104.149764
2.7511111111	105.705612
2.7516666667	113.02164
2.7519444444	115.792164
2.7525	117.546192
2.7530555556	104.689872
2.7536111111	100.426248
2.7541666667	113.33052
2.7547222222	109.637244
2.755	114.58008
2.7555555556	105.779376
2.7561111111	102.706992
2.7566666667	104.287248
2.7572222222	110.358576
2.7575	103.881924
2.7580555556	99.796932
2.7586111111	112.775292
2.7591666667	112.502484
2.7597222222	108.700452
2.7602777778	109.799136
2.7608333333	112.192416
2.7611111111	111.484908
2.7616666667	108.276228
2.7622222222	106.116228
2.7627777778	100.088964
2.7633333333	108.777888
2.7638888889	106.072704
2.7641666667	111.925872
2.7647222222	111.988188
2.7652777778	114.744024
2.7658333333	102.735612
2.7663888889	107.25714
2.7669444444	113.4558
2.7672222222	108.179892
2.7677777778	107.797464
2.7683333333	109.95444
2.7688888889	106.654932
2.7694444444	112.468248
2.77	115.96842
2.7702777778	109.025964
2.7708333333	105.870744
2.7713888889	105.007284
2.7719444444	106.373592
2.7725	106.865424
2.7730555556	108.648828
2.7736111111	102.233304
2.7738888889	113.96664
2.7744444444	105.79212
2.775	105.93468
2.7755555556	107.883864
2.7761111111	108.93762
2.7766666667	107.2539
2.7772222222	102.26862
2.7777777778	105.762096
2.7780555556	103.262652
2.7786111111	104.404428
2.7791666667	106.9974
2.7797222222	100.686204
2.7802777778	104.866884
2.7808333333	103.646484
2.7813888889	99.03672
2.7819444444	96.772824
2.7825	94.977
2.7827777778	99.200772
2.7833333333	103.095576
2.7838888889	104.998644
2.7844444444	102.933036
2.785	104.994108
2.7855555556	95.959368
2.7861111111	98.548776
2.7866666667	91.611288
2.7869444444	99.692388
2.7875	94.854744
2.7880555556	99.078084
2.7886111111	106.234704
2.7891666667	93.45366
2.7897222222	104.9832
2.7902777778	106.066548
2.7908333333	107.213832
2.7913888889	101.409372
2.7916666667	96.604128
2.7922222222	105.480432
2.7927777778	99.569052
2.7933333333	101.535516
2.7938888889	98.902908
2.7944444444	105.44382
2.795	103.34052
2.7955555556	106.82406
2.7958333333	104.710176
2.7963888889	106.517016
2.7969444444	103.612356
2.7975	107.973288
2.7980555556	107.844768
2.7986111111	107.427564
2.7991666667	107.989056
2.7997222222	108.823464
2.8002777778	111.46158
2.8005555556	121.24044
2.8011111111	115.497216
2.8016666667	114.8409
2.8022222222	101.528172
2.8027777778	105.380856
2.8033333333	107.794656
2.8038888889	107.128836
2.8044444444	111.8007
2.8047222222	117.75096
2.8052777778	114.079932
2.8058333333	114.363648
2.8063888889	115.511256
2.8069444444	114.059844
2.8075	106.842204
2.8080555556	107.00442
2.8086111111	101.907792
2.8088888889	113.435064
2.8094444444	104.428836
2.81	105.998076
2.8105555556	112.297068
2.8111111111	111.73752
2.8116666667	111.07548
2.8122222222	107.404344
2.8127777778	102.365496
2.8133333333	117.853992
2.8136111111	112.533156
2.8141666667	104.179896
2.8147222222	113.02704
2.8152777778	105.9525
2.8158333333	100.22148
2.8163888889	104.506272
2.8169444444	110.42748
2.8175	101.861352
2.8180555556	99.640008
2.8183333333	109.033632
2.8188888889	108.141984
2.8194444444	109.153512
2.82	102.791556
2.8205555556	107.32248
2.8211111111	103.475088
2.8216666667	114.013296
2.8222222222	122.273784
2.8225	111.408552
2.8230555556	112.11336
2.8236111111	104.061528
2.8241666667	101.2869
2.8247222222	96.6618
2.8252777778	106.756452
2.8258333333	109.016568
2.8263888889	103.474548
2.8269444444	102.554388
2.8272222222	91.907208
2.8277777778	105.350508
2.8283333333	95.538168
2.8288888889	103.113936
2.8294444444	103.799196
2.83	110.617668
2.8305555556	110.06946
2.8311111111	110.067732
2.8313888889	110.687976
2.8319444444	115.03152
2.8325	116.45064
2.8330555556	115.403904
2.8336111111	112.658652
2.8341666667	108.54288
2.8347222222	110.490876
2.8352777778	116.69958
2.8355555556	111.384576
2.8361111111	122.482872
2.8366666667	112.949712
2.8372222222	110.178216
2.8377777778	115.85016
2.8383333333	112.220604
2.8388888889	112.062492
2.8394444444	115.779636
2.84	115.080336
2.8402777778	118.225512
2.8408333333	116.81082
2.8413888889	115.381224
2.8419444444	120.995064
2.8425	129.352536
2.8430555556	119.877048
2.8436111111	115.662348
2.8441666667	119.037024
2.8447222222	120.501288
2.845	116.014644
2.8455555556	115.245576
2.8461111111	118.851048
2.8466666667	121.718988
2.8472222222	117.267336
2.8477777778	118.768428
2.8483333333	123.281208
2.8488888889	126.495612
2.8491666667	115.634592
2.8497222222	119.34018
2.8502777778	113.423616
2.8508333333	122.199912
2.8513888889	123.692472
2.8519444444	120.836412
2.8525	126.312552
2.8530555556	127.15182
2.8536111111	119.337048
2.8538888889	124.38918
2.8544444444	121.656132
2.855	118.706976
2.8555555556	121.576212
2.8561111111	123.650136
2.8566666667	120.743532
2.8572222222	118.784844
2.8577777778	130.236732
2.8580555556	128.746656
2.8586111111	124.340364
2.8591666667	120.706272
2.8597222222	122.191164
2.8602777778	119.085516
2.8608333333	122.15466
2.8613888889	117.663048
2.8619444444	122.00076
2.8622222222	119.553372
2.8627777778	117.96642
2.8633333333	119.726604
2.8638888889	119.868624
2.8644444444	122.002704
2.865	119.949084
2.8655555556	126.713772
2.8661111111	124.406136
2.8666666667	130.399704
2.8669444444	117.929484
2.8675	121.166244
2.8680555556	124.070148
2.8686111111	122.852448
2.8691666667	125.070444
2.8697222222	126.388476
2.8702777778	123.964416
2.8708333333	134.383284
2.8711111111	120.81816
2.8716666667	121.21614
2.8722222222	123.171804
2.8727777778	131.68998
2.8733333333	131.075028
2.8738888889	124.948728
2.8744444444	127.921428
2.8747222222	123.368364
2.8752777778	131.023188
2.8758333333	113.549004
2.8763888889	117.311076
2.8769444444	123.586524
2.8775	130.274316
2.8780555556	128.641896
2.8786111111	127.09566
2.8788888889	123.550884
2.8794444444	123.263172
2.88	119.598192
2.8805555556	125.576532
2.8811111111	114.93432
2.8816666667	124.213248
2.8822222222	124.838136
2.8827777778	124.052544
2.8833333333	129.97926
2.8836111111	125.926992
2.8841666667	121.622004
2.8847222222	121.882824
2.8852777778	120.648708
2.8858333333	124.737696
2.8863888889	123.20118
2.8869444444	121.265496
2.8872222222	128.963844
2.8877777778	114.438276
2.8883333333	127.74636
2.8888888889	120.397392
2.8894444444	122.738832
2.89	130.692168
2.8905555556	128.68974
2.8911111111	126.754056
2.8913888889	133.751808
2.8919444444	122.861412
2.8925	112.53078
2.8930555556	116.260344
2.8936111111	123.488352
2.8941666667	136.617264
2.8947222222	125.890704
2.8952777778	117.70452
2.8958333333	117.959076
2.8961111111	127.330236
2.8966666667	128.328804
2.8972222222	121.8852
2.8977777778	117.353304
2.8983333333	119.101284
2.8988888889	111.677364
2.8994444444	116.332596
2.9	125.530632
2.9002777778	120.828204
2.9008333333	115.890552
2.9013888889	113.227812
2.9019444444	116.752716
2.9025	122.181768
2.9030555556	118.391184
2.9036111111	121.101228
2.9041666667	121.95756
2.9047222222	119.217168
2.905	115.528968
2.9055555556	116.620416
2.9061111111	118.318284
2.9066666667	123.905016
2.9072222222	121.401252
2.9077777778	122.95494
2.9083333333	121.787676
2.9088888889	119.764296
2.9091666667	124.04034
2.9097222222	119.81106
2.9102777778	118.283292
2.9108333333	124.476336
2.9113888889	130.125276
2.9119444444	122.9706
2.9125	125.054352
2.9130555556	124.826148
2.9136111111	126.328212
2.9138888889	119.894004
2.9144444444	122.481252
2.915	131.574096
2.9155555556	132.326316
2.9161111111	126.835164
2.9166666667	129.643272
2.9172222222	132.821064
2.9177777778	123.462108
2.9180555556	127.04058
2.9186111111	123.200856
2.9191666667	124.378164
2.9197222222	125.278344
2.9202777778	125.428032
2.9208333333	127.242
2.9213888889	130.543992
2.9216666667	125.482032
2.9222222222	127.261332
2.9227777778	129.59154
2.9233333333	130.162212
2.9238888889	121.69458
2.9244444444	129.467124
2.925	125.000136
2.9255555556	125.4951
2.9261111111	131.776596
2.9263888889	124.590924
2.9269444444	127.736532
2.9275	116.9793
2.9280555556	119.034648
2.9286111111	124.470288
2.9291666667	125.332776
2.9297222222	121.556988
2.9302777778	121.174884
2.9305555556	124.777656
2.9311111111	119.559636
2.9316666667	121.800744
2.9322222222	125.510652
2.9327777778	113.211288
2.9333333333	127.061208
2.9338888889	120.617928
2.9344444444	121.377384
2.9347222222	124.052004
2.9352777778	125.058888
2.9358333333	120.44502
2.9363888889	119.554452
2.9369444444	118.993392
2.9375	121.329108
2.9380555556	122.929452
2.9383333333	119.375928
2.9388888889	110.528892
2.9394444444	116.478288
2.94	113.821704
2.9405555556	117.870516
2.9411111111	125.672868
2.9416666667	113.941368
2.9422222222	112.882644
2.9427777778	109.498356
2.9430555556	115.547436
2.9436111111	114.451668
2.9441666667	116.716428
2.9447222222	121.04928
2.9452777778	113.499648
2.9458333333	123.723468
2.9463888889	122.360724
2.9466666667	124.009344
2.9472222222	123.616872
2.9477777778	125.212248
2.9483333333	105.106752
2.9488888889	113.835636
2.9494444444	120.294684
2.95	119.506284
2.9505555556	119.761596
2.9508333333	112.521924
2.9513888889	111.896388
2.9519444444	116.51706
2.9525	119.59074
2.9530555556	114.604164
2.9536111111	116.795808
2.9541666667	131.3082
2.9547222222	116.25624
2.955	114.581808
2.9555555556	121.06818
2.9561111111	111.75426
2.9566666667	107.519796
2.9572222222	107.132616
2.9577777778	106.968672
2.9583333333	115.518384
2.9588888889	117.367452
2.9591666667	119.580264
2.9597222222	113.999148
2.9602777778	113.048424
2.9608333333	113.832612
2.9613888889	102.20274
2.9619444444	117.363132
2.9625	122.50836
2.9627777778	119.33586
2.9633333333	106.708824
2.9638888889	111.182184
2.9644444444	114.842412
2.965	117.84654
2.9655555556	117.00306
2.9661111111	114.5736
2.9666666667	110.029716
2.9669444444	113.83164
2.9675	117.089892
2.9680555556	113.676984
2.9686111111	112.312296
2.9691666667	110.468196
2.9697222222	111.609
2.9702777778	116.58942
2.9708333333	123.37776
2.9711111111	124.65486
2.9716666667	123.483168
2.9722222222	122.440752
2.9727777778	124.670952
2.9733333333	120.024576
2.9738888889	107.721216
2.9744444444	108.300204
2.975	115.43328
2.9755555556	115.893468
2.9758333333	121.498668
2.9763888889	124.103304
2.9769444444	111.334572
2.9775	109.857564
2.9780555556	113.260536
2.9786111111	119.70252
2.9791666667	118.65708
2.9797222222	123.336828
2.9802777778	105.237
2.9805555556	110.256408
2.9811111111	117.571356
2.9816666667	116.951328
2.9822222222	115.497
2.9827777778	112.813632
2.9833333333	119.100096
2.9838888889	116.213148
2.9844444444	117.085356
2.9847222222	100.114128
2.9852777778	107.484588
2.9858333333	109.669212
2.9863888889	104.81094
2.9869444444	107.132292
2.9875	108.328176
2.9880555556	112.80672
2.9883333333	119.849076
2.9888888889	117.958212
2.9894444444	112.492764
2.99	107.119224
2.9905555556	114.032196
2.9911111111	102.535488
2.9916666667	106.281252
2.9922222222	108.070164
2.9927777778	102.886056
2.9933333333	105.348888
2.9936111111	107.5671
2.9941666667	105.013224
2.9947222222	114.93972
2.9952777778	121.727304
2.9958333333	117.481824
2.9963888889	125.8218
2.9969444444	111.47562
2.9975	99.140292
2.9977777778	117.0738
2.9983333333	106.873632
2.9988888889	103.84218
2.9994444444	100.152468
3	104.736528
	
