2.0002777778
2.0008333333
2.0011111111
2.0016666667
2.0022222222
2.0027777778
2.0033333333
2.0038888889
2.0044444444
2.005
2.0052777778
2.0058333333
2.0063888889
2.0069444444
2.0075
2.0080555556
2.0086111111
2.0091666667
2.0097222222
2.01
2.0105555556
2.0111111111
2.0116666667
2.0122222222
2.0127777778
2.0133333333
2.0138888889
2.0141666667
2.0147222222
2.0152777778
2.0158333333
2.0163888889
2.0169444444
2.0175
2.0180555556
2.0183333333
2.0188888889
2.0194444444
2.02
2.0205555556
2.0211111111
2.0216666667
2.0222222222
2.0225
2.0230555556
2.0236111111
2.0241666667
2.0247222222
2.0252777778
2.0258333333
2.0263888889
2.0266666667
2.0272222222
2.0277777778
2.0283333333
2.0288888889
2.0294444444
2.03
2.0305555556
2.0311111111
2.0313888889
2.0319444444
2.0325
2.0330555556
2.0336111111
2.0341666667
2.0347222222
2.0352777778
2.0355555556
2.0361111111
2.0366666667
2.0372222222
2.0377777778
2.0383333333
2.0388888889
2.0394444444
2.04
2.0402777778
2.0408333333
2.0413888889
2.0419444444
2.0425
2.0430555556
2.0436111111
2.0441666667
2.0444444444
2.045
2.0455555556
2.0461111111
2.0466666667
2.0472222222
2.0477777778
2.0483333333
2.0488888889
2.0491666667
2.0497222222
2.0502777778
2.0508333333
2.0513888889
2.0519444444
2.0525
2.0530555556
2.0533333333
2.0538888889
2.0544444444
2.055
2.0555555556
2.0561111111
2.0566666667
2.0572222222
2.0577777778
2.0580555556
2.0586111111
2.0591666667
2.0597222222
2.0602777778
2.0608333333
2.0613888889
2.0619444444
2.0622222222
2.0627777778
2.0633333333
2.0638888889
2.0644444444
2.065
2.0655555556
2.0661111111
2.0663888889
2.0669444444
2.0675
2.0680555556
2.0686111111
2.0691666667
2.0697222222
2.0702777778
2.0705555556
2.0711111111
2.0716666667
2.0722222222
2.0727777778
2.0733333333
2.0738888889
2.0744444444
2.075
2.0752777778
2.0758333333
2.0763888889
2.0769444444
2.0775
2.0780555556
2.0786111111
2.0791666667
2.0797222222
2.08
2.0805555556
2.0811111111
2.0816666667
2.0822222222
2.0827777778
2.0833333333
2.0838888889
2.0841666667
2.0847222222
2.0852777778
2.0858333333
2.0863888889
2.0869444444
2.0875
2.0877777778
2.0883333333
2.0888888889
2.0894444444
2.09
2.0905555556
2.0911111111
2.0916666667
2.0922222222
2.0925
2.0930555556
2.0936111111
2.0941666667
2.0947222222
2.0952777778
2.0958333333
2.0963888889
2.0969444444
2.0975
2.0977777778
2.0983333333
2.0988888889
2.0994444444
2.1
2.1005555556
2.1011111111
2.1016666667
2.1022222222
2.1025
2.1030555556
2.1036111111
2.1041666667
2.1047222222
2.1052777778
2.1058333333
2.1063888889
2.1066666667
2.1072222222
2.1077777778
2.1083333333
2.1088888889
2.1094444444
2.11
2.1105555556
2.1108333333
2.1113888889
2.1119444444
2.1125
2.1130555556
2.1136111111
2.1141666667
2.1147222222
2.1152777778
2.1155555556
2.1161111111
2.1166666667
2.1172222222
2.1177777778
2.1183333333
2.1188888889
2.1194444444
2.1197222222
2.1202777778
2.1208333333
2.1213888889
2.1219444444
2.1225
2.1230555556
2.1233333333
2.1238888889
2.1244444444
2.125
2.1255555556
2.1261111111
2.1266666667
2.1272222222
2.1277777778
2.1280555556
2.1286111111
2.1291666667
2.1297222222
2.1302777778
2.1308333333
2.1313888889
2.1319444444
2.1325
2.1327777778
2.1333333333
2.1338888889
2.1344444444
2.135
2.1355555556
2.1361111111
2.1363888889
2.1369444444
2.1375
2.1380555556
2.1386111111
2.1391666667
2.1397222222
2.1402777778
2.1405555556
2.1411111111
2.1416666667
2.1422222222
2.1427777778
2.1433333333
2.1438888889
2.1444444444
2.1447222222
2.1452777778
2.1458333333
2.1463888889
2.1469444444
2.1475
2.1480555556
2.1486111111
2.1491666667
2.1494444444
2.15
2.1505555556
2.1511111111
2.1516666667
2.1522222222
2.1527777778
2.1533333333
2.1538888889
2.1541666667
2.1547222222
2.1552777778
2.1558333333
2.1563888889
2.1569444444
2.1575
2.1577777778
2.1583333333
2.1588888889
2.1594444444
2.16
2.1605555556
2.1611111111
2.1616666667
2.1622222222
2.1625
2.1630555556
2.1636111111
2.1641666667
2.1647222222
2.1652777778
2.1658333333
2.1663888889
2.1669444444
2.1672222222
2.1677777778
2.1683333333
2.1688888889
2.1694444444
2.17
2.1705555556
2.1711111111
2.1713888889
2.1719444444
2.1725
2.1730555556
2.1736111111
2.1741666667
2.1747222222
2.1752777778
2.1755555556
2.1761111111
2.1766666667
2.1772222222
2.1777777778
2.1783333333
2.1788888889
2.1794444444
2.18
2.1802777778
2.1808333333
2.1813888889
2.1819444444
2.1825
2.1830555556
2.1836111111
2.1841666667
2.1844444444
2.185
2.1855555556
2.1861111111
2.1866666667
2.1872222222
2.1877777778
2.1883333333
2.1886111111
2.1891666667
2.1897222222
2.1902777778
2.1908333333
2.1913888889
2.1919444444
2.1925
2.1930555556
2.1933333333
2.1938888889
2.1944444444
2.195
2.1955555556
2.1961111111
2.1966666667
2.1972222222
2.1975
2.1980555556
2.1986111111
2.1991666667
2.1997222222
2.2002777778
2.2008333333
2.2013888889
2.2016666667
2.2022222222
2.2027777778
2.2033333333
2.2038888889
2.2044444444
2.205
2.2052777778
2.2058333333
2.2063888889
2.2069444444
2.2075
2.2080555556
2.2086111111
2.2091666667
2.2094444444
2.21
2.2105555556
2.2111111111
2.2116666667
2.2122222222
2.2127777778
2.2133333333
2.2138888889
2.2141666667
2.2147222222
2.2152777778
2.2158333333
2.2163888889
2.2169444444
2.2175
2.2180555556
2.2186111111
2.2191666667
2.2194444444
2.22
2.2205555556
2.2211111111
2.2216666667
2.2222222222
2.2227777778
2.2233333333
2.2238888889
2.2241666667
2.2247222222
2.2252777778
2.2258333333
2.2263888889
2.2269444444
2.2275
2.2280555556
2.2286111111
2.2288888889
2.2294444444
2.23
2.2305555556
2.2311111111
2.2316666667
2.2322222222
2.2327777778
2.2330555556
2.2336111111
2.2341666667
2.2347222222
2.2352777778
2.2358333333
2.2363888889
2.2369444444
2.2372222222
2.2377777778
2.2383333333
2.2388888889
2.2394444444
2.24
2.2405555556
2.2411111111
2.2413888889
2.2419444444
2.2425
2.2430555556
2.2436111111
2.2441666667
2.2447222222
2.2452777778
2.2458333333
2.2461111111
2.2466666667
2.2472222222
2.2477777778
2.2483333333
2.2488888889
2.2494444444
2.2497222222
2.2502777778
2.2508333333
2.2513888889
2.2519444444
2.2525
2.2530555556
2.2536111111
2.2538888889
2.2544444444
2.255
2.2555555556
2.2561111111
2.2566666667
2.2572222222
2.2577777778
2.2583333333
2.2588888889
2.2591666667
2.2597222222
2.2602777778
2.2608333333
2.2613888889
2.2619444444
2.2625
2.2630555556
2.2636111111
2.2638888889
2.2644444444
2.265
2.2655555556
2.2661111111
2.2666666667
2.2672222222
2.2677777778
2.2680555556
2.2686111111
2.2691666667
2.2697222222
2.2702777778
2.2708333333
2.2713888889
2.2719444444
2.2722222222
2.2727777778
2.2733333333
2.2738888889
2.2744444444
2.275
2.2755555556
2.2761111111
2.2766666667
2.2769444444
2.2775
2.2780555556
2.2786111111
2.2791666667
2.2797222222
2.2802777778
2.2808333333
2.2811111111
2.2816666667
2.2822222222
2.2827777778
2.2833333333
2.2838888889
2.2844444444
2.285
2.2855555556
2.2858333333
2.2863888889
2.2869444444
2.2875
2.2880555556
2.2886111111
2.2891666667
2.2897222222
2.29
2.2905555556
2.2911111111
2.2916666667
2.2922222222
2.2927777778
2.2933333333
2.2938888889
2.2944444444
2.2947222222
2.2952777778
2.2958333333
2.2963888889
2.2969444444
2.2975
2.2980555556
2.2986111111
2.2991666667
2.2994444444
2.3
2.3005555556
2.3011111111
2.3016666667
2.3022222222
2.3027777778
2.3033333333
2.3036111111
2.3041666667
2.3047222222
2.3052777778
2.3058333333
2.3063888889
2.3069444444
2.3075
2.3080555556
2.3083333333
2.3088888889
2.3094444444
2.31
2.3105555556
2.3111111111
2.3116666667
2.3122222222
2.3125
2.3130555556
2.3136111111
2.3141666667
2.3147222222
2.3152777778
2.3158333333
2.3163888889
2.3169444444
2.3172222222
2.3177777778
2.3183333333
2.3188888889
2.3194444444
2.32
2.3205555556
2.3211111111
2.3213888889
2.3219444444
2.3225
2.3230555556
2.3236111111
2.3241666667
2.3247222222
2.3252777778
2.3255555556
2.3261111111
2.3266666667
2.3272222222
2.3277777778
2.3283333333
2.3288888889
2.3294444444
2.3297222222
2.3302777778
2.3308333333
2.3313888889
2.3319444444
2.3325
2.3330555556
2.3336111111
2.3338888889
2.3344444444
2.335
2.3355555556
2.3361111111
2.3366666667
2.3372222222
2.3377777778
2.3380555556
2.3386111111
2.3391666667
2.3397222222
2.3402777778
2.3408333333
2.3413888889
2.3419444444
2.3425
2.3427777778
2.3433333333
2.3438888889
2.3444444444
2.345
2.3455555556
2.3461111111
2.3466666667
2.3469444444
2.3475
2.3480555556
2.3486111111
2.3491666667
2.3497222222
2.3502777778
2.3508333333
2.3511111111
2.3516666667
2.3522222222
2.3527777778
2.3533333333
2.3538888889
2.3544444444
2.355
2.3552777778
2.3558333333
2.3563888889
2.3569444444
2.3575
2.3580555556
2.3586111111
2.3591666667
2.3594444444
2.36
2.3605555556
2.3611111111
2.3616666667
2.3622222222
2.3627777778
2.3633333333
2.3638888889
2.3641666667
2.3647222222
2.3652777778
2.3658333333
2.3663888889
2.3669444444
2.3675
2.3680555556
2.3686111111
2.3688888889
2.3694444444
2.37
2.3705555556
2.3711111111
2.3716666667
2.3722222222
2.3727777778
2.3730555556
2.3736111111
2.3741666667
2.3747222222
2.3752777778
2.3758333333
2.3763888889
2.3769444444
2.3772222222
2.3777777778
2.3783333333
2.3788888889
2.3794444444
2.38
2.3805555556
2.3808333333
2.3813888889
2.3819444444
2.3825
2.3830555556
2.3836111111
2.3841666667
2.3847222222
2.3852777778
2.3855555556
2.3861111111
2.3866666667
2.3872222222
2.3877777778
2.3883333333
2.3888888889
2.3894444444
2.3897222222
2.3902777778
2.3908333333
2.3913888889
2.3919444444
2.3925
2.3930555556
2.3933333333
2.3938888889
2.3944444444
2.395
2.3955555556
2.3961111111
2.3966666667
2.3972222222
2.3977777778
2.3980555556
2.3986111111
2.3991666667
2.3997222222
2.4002777778
2.4008333333
2.4013888889
2.4016666667
2.4022222222
2.4027777778
2.4033333333
2.4038888889
2.4044444444
2.405
2.4055555556
2.4058333333
2.4063888889
2.4069444444
2.4075
2.4080555556
2.4086111111
2.4091666667
2.4097222222
2.4102777778
2.4105555556
2.4111111111
2.4116666667
2.4122222222
2.4127777778
2.4133333333
2.4138888889
2.4144444444
2.4147222222
2.4152777778
2.4158333333
2.4163888889
2.4169444444
2.4175
2.4180555556
2.4186111111
2.4191666667
2.4194444444
2.42
2.4205555556
2.4211111111
2.4216666667
2.4222222222
2.4227777778
2.4233333333
2.4236111111
2.4241666667
2.4247222222
2.4252777778
2.4258333333
2.4263888889
2.4269444444
2.4275
2.4277777778
2.4283333333
2.4288888889
2.4294444444
2.43
2.4305555556
2.4311111111
2.4316666667
2.4322222222
2.4325
2.4330555556
2.4336111111
2.4341666667
2.4347222222
2.4352777778
2.4358333333
2.4361111111
2.4366666667
2.4372222222
2.4377777778
2.4383333333
2.4388888889
2.4394444444
2.44
2.4405555556
2.4408333333
2.4413888889
2.4419444444
2.4425
2.4430555556
2.4436111111
2.4441666667
2.4447222222
2.445
2.4455555556
2.4461111111
2.4466666667
2.4472222222
2.4477777778
2.4483333333
2.4488888889
2.4494444444
2.4497222222
2.4502777778
2.4508333333
2.4513888889
2.4519444444
2.4525
2.4530555556
2.4536111111
2.4538888889
2.4544444444
2.455
2.4555555556
2.4561111111
2.4566666667
2.4572222222
2.4575
2.4580555556
2.4586111111
2.4591666667
2.4597222222
2.4602777778
2.4608333333
2.4613888889
2.4616666667
2.4622222222
2.4627777778
2.4633333333
2.4638888889
2.4644444444
2.465
2.4655555556
2.4661111111
2.4663888889
2.4669444444
2.4675
2.4680555556
2.4686111111
2.4691666667
2.4697222222
2.47
2.4705555556
2.4711111111
2.4716666667
2.4722222222
2.4727777778
2.4733333333
2.4738888889
2.4744444444
2.4747222222
2.4752777778
2.4758333333
2.4763888889
2.4769444444
2.4775
2.4780555556
2.4786111111
2.4788888889
2.4794444444
2.48
2.4805555556
2.4811111111
2.4816666667
2.4822222222
2.4827777778
2.4833333333
2.4836111111
2.4841666667
2.4847222222
2.4852777778
2.4858333333
2.4863888889
2.4869444444
2.4875
2.4877777778
2.4883333333
2.4888888889
2.4894444444
2.49
2.4905555556
2.4911111111
2.4916666667
2.4922222222
2.4925
2.4930555556
2.4936111111
2.4941666667
2.4947222222
2.4952777778
2.4958333333
2.4963888889
2.4969444444
2.4972222222
2.4977777778
2.4983333333
2.4988888889
2.4994444444
2.5
2.5005555556
2.5011111111
2.5016666667
2.5019444444
2.5025
2.5030555556
2.5036111111
2.5041666667
2.5047222222
2.5052777778
2.5055555556
2.5061111111
2.5066666667
2.5072222222
2.5077777778
2.5083333333
2.5088888889
2.5094444444
2.5097222222
2.5102777778
2.5108333333
2.5113888889
2.5119444444
2.5125
2.5130555556
2.5136111111
2.5141666667
2.5144444444
2.515
2.5155555556
2.5161111111
2.5166666667
2.5172222222
2.5177777778
2.5183333333
2.5188888889
2.5191666667
2.5197222222
2.5202777778
2.5208333333
2.5213888889
2.5219444444
2.5225
2.5227777778
2.5233333333
2.5238888889
2.5244444444
2.525
2.5255555556
2.5261111111
2.5266666667
2.5269444444
2.5275
2.5280555556
2.5286111111
2.5291666667
2.5297222222
2.5302777778
2.5308333333
2.5313888889
2.5316666667
2.5322222222
2.5327777778
2.5333333333
2.5338888889
2.5344444444
2.535
2.5355555556
2.5361111111
2.5363888889
2.5369444444
2.5375
2.5380555556
2.5386111111
2.5391666667
2.5397222222
2.5402777778
2.5405555556
2.5411111111
2.5416666667
2.5422222222
2.5427777778
2.5433333333
2.5438888889
2.5444444444
2.5447222222
2.5452777778
2.5458333333
2.5463888889
2.5469444444
2.5475
2.5480555556
2.5486111111
2.5488888889
2.5494444444
2.55
2.5505555556
2.5511111111
2.5516666667
2.5522222222
2.5527777778
2.5533333333
2.5536111111
2.5541666667
2.5547222222
2.5552777778
2.5558333333
2.5563888889
2.5569444444
2.5575
2.5580555556
2.5583333333
2.5588888889
2.5594444444
2.56
2.5605555556
2.5611111111
2.5616666667
2.5622222222
2.5625
2.5630555556
2.5636111111
2.5641666667
2.5647222222
2.5652777778
2.5658333333
2.5663888889
2.5669444444
2.5672222222
2.5677777778
2.5683333333
2.5688888889
2.5694444444
2.57
2.5705555556
2.5708333333
2.5713888889
2.5719444444
2.5725
2.5730555556
2.5736111111
2.5741666667
2.5747222222
2.575
2.5755555556
2.5761111111
2.5766666667
2.5772222222
2.5777777778
2.5783333333
2.5788888889
2.5794444444
2.5797222222
2.5802777778
2.5808333333
2.5813888889
2.5819444444
2.5825
2.5830555556
2.5836111111
2.5841666667
2.5844444444
2.585
2.5855555556
2.5861111111
2.5866666667
2.5872222222
2.5877777778
2.5880555556
2.5886111111
2.5891666667
2.5897222222
2.5902777778
2.5908333333
2.5913888889
2.5919444444
2.5925
2.5927777778
2.5933333333
2.5938888889
2.5944444444
2.595
2.5955555556
2.5961111111
2.5966666667
2.5972222222
2.5975
2.5980555556
2.5986111111
2.5991666667
2.5997222222
2.6002777778
2.6008333333
2.6013888889
2.6016666667
2.6022222222
2.6027777778
2.6033333333
2.6038888889
2.6044444444
2.605
2.6052777778
2.6058333333
2.6063888889
2.6069444444
2.6075
2.6080555556
2.6086111111
2.6091666667
2.6094444444
2.61
2.6105555556
2.6111111111
2.6116666667
2.6122222222
2.6127777778
2.6133333333
2.6138888889
2.6141666667
2.6147222222
2.6152777778
2.6158333333
2.6163888889
2.6169444444
2.6175
2.6180555556
2.6183333333
2.6188888889
2.6194444444
2.62
2.6205555556
2.6211111111
2.6216666667
2.6222222222
2.6227777778
2.6230555556
2.6236111111
2.6241666667
2.6247222222
2.6252777778
2.6258333333
2.6263888889
2.6269444444
2.6272222222
2.6277777778
2.6283333333
2.6288888889
2.6294444444
2.63
2.6305555556
2.6311111111
2.6313888889
2.6319444444
2.6325
2.6330555556
2.6336111111
2.6341666667
2.6347222222
2.6352777778
2.6358333333
2.6361111111
2.6366666667
2.6372222222
2.6377777778
2.6383333333
2.6388888889
2.6394444444
2.6397222222
2.6402777778
2.6408333333
2.6413888889
2.6419444444
2.6425
2.6430555556
2.6436111111
2.6441666667
2.6444444444
2.645
2.6455555556
2.6461111111
2.6466666667
2.6472222222
2.6477777778
2.6483333333
2.6488888889
2.6491666667
2.6497222222
2.6502777778
2.6508333333
2.6513888889
2.6519444444
2.6525
2.6530555556
2.6533333333
2.6538888889
2.6544444444
2.655
2.6555555556
2.6561111111
2.6566666667
2.6572222222
2.6575
2.6580555556
2.6586111111
2.6591666667
2.6597222222
2.6602777778
2.6608333333
2.6613888889
2.6619444444
2.6622222222
2.6627777778
2.6633333333
2.6638888889
2.6644444444
2.665
2.6655555556
2.6661111111
2.6666666667
2.6669444444
2.6675
2.6680555556
2.6686111111
2.6691666667
2.6697222222
2.6702777778
2.6708333333
2.6711111111
2.6716666667
2.6722222222
2.6727777778
2.6733333333
2.6738888889
2.6744444444
2.675
2.6752777778
2.6758333333
2.6763888889
2.6769444444
2.6775
2.6780555556
2.6786111111
2.6791666667
2.6797222222
2.68
2.6805555556
2.6811111111
2.6816666667
2.6822222222
2.6827777778
2.6833333333
2.6838888889
2.6841666667
2.6847222222
2.6852777778
2.6858333333
2.6863888889
2.6869444444
2.6875
2.6880555556
2.6883333333
2.6888888889
2.6894444444
2.69
2.6905555556
2.6911111111
2.6916666667
2.6922222222
2.6927777778
2.6930555556
2.6936111111
2.6941666667
2.6947222222
2.6952777778
2.6958333333
2.6963888889
2.6969444444
2.6972222222
2.6977777778
2.6983333333
2.6988888889
2.6994444444
2.7
2.7005555556
2.7011111111
2.7013888889
2.7019444444
2.7025
2.7030555556
2.7036111111
2.7041666667
2.7047222222
2.7052777778
2.7058333333
2.7061111111
2.7066666667
2.7072222222
2.7077777778
2.7083333333
2.7088888889
2.7094444444
2.71
2.7102777778
2.7108333333
2.7113888889
2.7119444444
2.7125
2.7130555556
2.7136111111
2.7141666667
2.7144444444
2.715
2.7155555556
2.7161111111
2.7166666667
2.7172222222
2.7177777778
2.7180555556
2.7186111111
2.7191666667
2.7197222222
2.7202777778
2.7208333333
2.7213888889
2.7219444444
2.7222222222
2.7227777778
2.7233333333
2.7238888889
2.7244444444
2.725
2.7255555556
2.7261111111
2.7263888889
2.7269444444
2.7275
2.7280555556
2.7286111111
2.7291666667
2.7297222222
2.7302777778
2.7308333333
2.7311111111
2.7316666667
2.7322222222
2.7327777778
2.7333333333
2.7338888889
2.7344444444
2.735
2.7352777778
2.7358333333
2.7363888889
2.7369444444
2.7375
2.7380555556
2.7386111111
2.7391666667
2.7394444444
2.74
2.7405555556
2.7411111111
2.7416666667
2.7422222222
2.7427777778
2.7433333333
2.7436111111
2.7441666667
2.7447222222
2.7452777778
2.7458333333
2.7463888889
2.7469444444
2.7475
2.7477777778
2.7483333333
2.7488888889
2.7494444444
2.75
2.7505555556
2.7511111111
2.7516666667
2.7519444444
2.7525
2.7530555556
2.7536111111
2.7541666667
2.7547222222
2.755
2.7555555556
2.7561111111
2.7566666667
2.7572222222
2.7575
2.7580555556
2.7586111111
2.7591666667
2.7597222222
2.7602777778
2.7608333333
2.7611111111
2.7616666667
2.7622222222
2.7627777778
2.7633333333
2.7638888889
2.7641666667
2.7647222222
2.7652777778
2.7658333333
2.7663888889
2.7669444444
2.7672222222
2.7677777778
2.7683333333
2.7688888889
2.7694444444
2.77
2.7702777778
2.7708333333
2.7713888889
2.7719444444
2.7725
2.7730555556
2.7736111111
2.7738888889
2.7744444444
2.775
2.7755555556
2.7761111111
2.7766666667
2.7772222222
2.7777777778
2.7780555556
2.7786111111
2.7791666667
2.7797222222
2.7802777778
2.7808333333
2.7813888889
2.7819444444
2.7825
2.7827777778
2.7833333333
2.7838888889
2.7844444444
2.785
2.7855555556
2.7861111111
2.7866666667
2.7869444444
2.7875
2.7880555556
2.7886111111
2.7891666667
2.7897222222
2.7902777778
2.7908333333
2.7913888889
2.7916666667
2.7922222222
2.7927777778
2.7933333333
2.7938888889
2.7944444444
2.795
2.7955555556
2.7958333333
2.7963888889
2.7969444444
2.7975
2.7980555556
2.7986111111
2.7991666667
2.7997222222
2.8002777778
2.8005555556
2.8011111111
2.8016666667
2.8022222222
2.8027777778
2.8033333333
2.8038888889
2.8044444444
2.8047222222
2.8052777778
2.8058333333
2.8063888889
2.8069444444
2.8075
2.8080555556
2.8086111111
2.8088888889
2.8094444444
2.81
2.8105555556
2.8111111111
2.8116666667
2.8122222222
2.8127777778
2.8133333333
2.8136111111
2.8141666667
2.8147222222
2.8152777778
2.8158333333
2.8163888889
2.8169444444
2.8175
2.8180555556
2.8183333333
2.8188888889
2.8194444444
2.82
2.8205555556
2.8211111111
2.8216666667
2.8222222222
2.8225
2.8230555556
2.8236111111
2.8241666667
2.8247222222
2.8252777778
2.8258333333
2.8263888889
2.8269444444
2.8272222222
2.8277777778
2.8283333333
2.8288888889
2.8294444444
2.83
2.8305555556
2.8311111111
2.8313888889
2.8319444444
2.8325
2.8330555556
2.8336111111
2.8341666667
2.8347222222
2.8352777778
2.8355555556
2.8361111111
2.8366666667
2.8372222222
2.8377777778
2.8383333333
2.8388888889
2.8394444444
2.84
2.8402777778
2.8408333333
2.8413888889
2.8419444444
2.8425
2.8430555556
2.8436111111
2.8441666667
2.8447222222
2.845
2.8455555556
2.8461111111
2.8466666667
2.8472222222
2.8477777778
2.8483333333
2.8488888889
2.8491666667
2.8497222222
2.8502777778
2.8508333333
2.8513888889
2.8519444444
2.8525
2.8530555556
2.8536111111
2.8538888889
2.8544444444
2.855
2.8555555556
2.8561111111
2.8566666667
2.8572222222
2.8577777778
2.8580555556
2.8586111111
2.8591666667
2.8597222222
2.8602777778
2.8608333333
2.8613888889
2.8619444444
2.8622222222
2.8627777778
2.8633333333
2.8638888889
2.8644444444
2.865
2.8655555556
2.8661111111
2.8666666667
2.8669444444
2.8675
2.8680555556
2.8686111111
2.8691666667
2.8697222222
2.8702777778
2.8708333333
2.8711111111
2.8716666667
2.8722222222
2.8727777778
2.8733333333
2.8738888889
2.8744444444
2.8747222222
2.8752777778
2.8758333333
2.8763888889
2.8769444444
2.8775
2.8780555556
2.8786111111
2.8788888889
2.8794444444
2.88
2.8805555556
2.8811111111
2.8816666667
2.8822222222
2.8827777778
2.8833333333
2.8836111111
2.8841666667
2.8847222222
2.8852777778
2.8858333333
2.8863888889
2.8869444444
2.8872222222
2.8877777778
2.8883333333
2.8888888889
2.8894444444
2.89
2.8905555556
2.8911111111
2.8913888889
2.8919444444
2.8925
2.8930555556
2.8936111111
2.8941666667
2.8947222222
2.8952777778
2.8958333333
2.8961111111
2.8966666667
2.8972222222
2.8977777778
2.8983333333
2.8988888889
2.8994444444
2.9
2.9002777778
2.9008333333
2.9013888889
2.9019444444
2.9025
2.9030555556
2.9036111111
2.9041666667
2.9047222222
2.905
2.9055555556
2.9061111111
2.9066666667
2.9072222222
2.9077777778
2.9083333333
2.9088888889
2.9091666667
2.9097222222
2.9102777778
2.9108333333
2.9113888889
2.9119444444
2.9125
2.9130555556
2.9136111111
2.9138888889
2.9144444444
2.915
2.9155555556
2.9161111111
2.9166666667
2.9172222222
2.9177777778
2.9180555556
2.9186111111
2.9191666667
2.9197222222
2.9202777778
2.9208333333
2.9213888889
2.9216666667
2.9222222222
2.9227777778
2.9233333333
2.9238888889
2.9244444444
2.925
2.9255555556
2.9261111111
2.9263888889
2.9269444444
2.9275
2.9280555556
2.9286111111
2.9291666667
2.9297222222
2.9302777778
2.9305555556
2.9311111111
2.9316666667
2.9322222222
2.9327777778
2.9333333333
2.9338888889
2.9344444444
2.9347222222
2.9352777778
2.9358333333
2.9363888889
2.9369444444
2.9375
2.9380555556
2.9383333333
2.9388888889
2.9394444444
2.94
2.9405555556
2.9411111111
2.9416666667
2.9422222222
2.9427777778
2.9430555556
2.9436111111
2.9441666667
2.9447222222
2.9452777778
2.9458333333
2.9463888889
2.9466666667
2.9472222222
2.9477777778
2.9483333333
2.9488888889
2.9494444444
2.95
2.9505555556
2.9508333333
2.9513888889
2.9519444444
2.9525
2.9530555556
2.9536111111
2.9541666667
2.9547222222
2.955
2.9555555556
2.9561111111
2.9566666667
2.9572222222
2.9577777778
2.9583333333
2.9588888889
2.9591666667
2.9597222222
2.9602777778
2.9608333333
2.9613888889
2.9619444444
2.9625
2.9627777778
2.9633333333
2.9638888889
2.9644444444
2.965
2.9655555556
2.9661111111
2.9666666667
2.9669444444
2.9675
2.9680555556
2.9686111111
2.9691666667
2.9697222222
2.9702777778
2.9708333333
2.9711111111
2.9716666667
2.9722222222
2.9727777778
2.9733333333
2.9738888889
2.9744444444
2.975
2.9755555556
2.9758333333
2.9763888889
2.9769444444
2.9775
2.9780555556
2.9786111111
2.9791666667
2.9797222222
2.9802777778
2.9805555556
2.9811111111
2.9816666667
2.9822222222
2.9827777778
2.9833333333
2.9838888889
2.9844444444
2.9847222222
2.9852777778
2.9858333333
2.9863888889
2.9869444444
2.9875
2.9880555556
2.9883333333
2.9888888889
2.9894444444
2.99
2.9905555556
2.9911111111
2.9916666667
2.9922222222
2.9927777778
2.9933333333
2.9936111111
2.9941666667
2.9947222222
2.9952777778
2.9958333333
2.9963888889
2.9969444444
2.9975
2.9977777778
2.9983333333
2.9988888889
2.9994444444
3

