86.255136
84.704148
89.107308
72.681588
69.504552
73.959552
76.97448
80.122788
100.701108
78.979716
78.283548
87.953436
67.43538
76.356612
71.880552
65.790432
71.93736
74.813292
80.413092
98.844804
89.600976
68.941656
47.782944
60.428448
54.016272
66.526344
67.16646
68.625972
81.927576
75.05154
68.49918
88.020828
72.325512
72.512568
61.462116
65.93796
60.356412
70.339284
66.328704
72.879336
74.055132
73.132164
75.436128
77.925744
76.809132
80.082828
57.691512
69.101496
60.914988
48.179952
47.278908
34.529184
46.075356
54.299772
64.188252
65.006136
66.58218
63.594684
66.73716
71.786052
81.1935
80.09568
84.119976
82.74006
57.6009
46.89864
62.874972
53.74692
51.622344
50.450544
38.113812
26.593992
62.462088
60.036732
48.047868
57.6684
55.272636
48.994056
44.992764
67.444884
8.80866
358.598448
17.899128
35.36856
40.295304
21.574692
17.896752
45.507492
68.802012
59.970744
50.85846
51.195744
47.614572
36.021636
354.347244
22.701888
49.536324
45.3294
36.08514
20.013552
31.39254
19.480464
54.53964
30.26124
62.703252
32.677416
46.61568
13.3101
7.431768
8.023068
32.541984
46.032048
38.290392
20.062476
16.039584
40.154796
55.576872
18.607392
10.118268
17.786052
9.920628
25.7598
37.200996
39.16206
48.957336
73.761804
27.408852
356.783508
27.69516
14.693148
42.01056
39.444804
60.866928
38.472912
25.583436
16.6635
22.977828
25.638732
23.73858
23.651532
33.839928
32.343048
53.530704
5.204592
35.051148
21.5505
28.102752
25.2549
18.269244
41.888412
43.175988
43.758216
32.533992
25.962732
34.850052
50.325588
64.125504
42.946056
46.73718
23.974668
29.111256
56.141064
40.636908
38.265876
10.03932
32.144004
13.166892
32.582808
20.552364
20.304504
18.639576
27.090468
55.41012
33.426828
33.98994
39.704328
39.660912
23.65704
21.77838
19.107756
18.207036
26.09838
42.009912
34.696908
28.749996
36.818136
35.855748
35.672472
19.376028
27.153756
25.305552
33.5331
36.09432
29.64672
18.352944
8.400852
12.71286
29.922768
38.30238
35.09802
0.332064
69.253992
47.095524
27.545688
35.247384
33.412572
36.32544
39.568248
34.322256
28.197468
31.627332
44.660988
43.514784
36.463356
31.086576
53.394624
20.557224
23.007312
23.744628
34.803072
37.978272
37.934964
28.083744
26.242128
20.887704
26.12592
45.854604
41.427144
23.08896
25.496928
29.362788
33.640668
27.046512
38.269008
28.840068
36.996336
33.409332
44.180928
29.455776
11.62746
29.233944
12.776472
52.29
61.32042
45.500472
27.255276
33.155208
93.258396
107.61948
32.472972
52.923852
45.895428
66.392316
90.554076
100.761264
94.080924
82.112472
61.250436
55.679256
58.049964
86.905836
89.12124
91.639692
93.311208
80.498088
74.3355
66.857796
82.794924
67.86954
69.370524
77.62464
83.487636
68.880636
74.802924
82.128456
76.22874
91.38978
88.961076
94.409028
101.568888
90.9108
80.369352
84.331008
90.724932
88.571304
88.38306
95.298732
87.968664
85.873032
79.187508
78.10848
96.980832
100.072548
107.956224
112.29642
87.477048
93.48012
99.347328
105.486372
118.013292
107.812692
107.978796
110.680416
115.935804
114.12054
117.83574
120.282264
114.321636
114.226056
122.903964
120.967524
122.895
124.729488
122.183928
121.286664
124.629912
123.510276
131.836104
131.980716
129.412908
128.399544
121.289148
120.53196
121.909284
136.351368
130.814424
126.53784
121.625784
130.481892
118.067508
118.384704
114.00768
115.060572
115.438896
110.117628
108.869688
108.54612
103.73418
96.78924
102.885516
103.289328
93.74526
90.591768
94.914144
90.689508
102.138156
87.790572
103.212
87.838848
88.942716
84.772188
86.657004
97.025868
93.65076
90.607536
87.42186
83.308896
89.982972
94.128768
106.38288
85.160556
99.457488
109.58724
107.512668
101.534652
100.649484
105.976476
102.882492
102.772116
99.517212
103.146876
103.9491
86.2884
93.92562
93.34134
110.605032
104.745168
100.103544
100.122012
103.859784
108.49914
106.70202
109.535832
110.563776
109.1169
114.701904
109.8243
107.956764
96.80382
104.435532
101.580228
103.775436
113.625576
108.529272
104.812344
106.29432
106.424028
106.347888
102.89286
89.941824
105.20568
107.33328
106.438824
100.129032
94.116996
103.897692
89.444592
89.33346
87.568308
92.843028
97.478064
99.267084
85.664916
83.949444
94.323492
96.036372
91.912392
87.553188
83.974716
86.951196
91.468188
88.656192
82.251684
90.437004
91.989288
101.368224
94.220676
99.50976
88.830936
89.12556
93.756276
102.35232
95.905584
88.656948
102.63528
104.059584
99.17712
107.583084
101.124468
100.723032
101.108484
106.462152
102.32316
100.294164
105.472332
107.332308
106.743168
105.835104
108.473544
106.902252
110.955276
109.486368
111.126132
105.011388
110.880972
106.307496
113.562072
112.547304
110.492496
108.09522
106.40556
109.68228
111.59658
108.677772
108.891288
108.043488
112.537908
106.716168
107.189532
103.180356
103.60674
106.772652
98.136
100.98774
95.280264
95.39982
99.068796
104.091768
90.468216
102.045924
113.602572
104.16672
102.992544
99.432324
96.653268
100.515456
105.031908
97.254288
90.233316
94.6692
90.95346
90.481932
95.697468
94.229316
102.054348
93.58434
93.51468
92.836764
95.05368
89.245764
86.771916
95.781924
82.807884
96.437052
87.815952
91.856556
99.303696
88.967124
95.979348
87.571116
86.673636
93.500532
100.190052
83.598984
90.54792
101.960064
91.438272
87.699636
92.82672
90.390348
90.319608
91.824372
100.08378
88.572816
99.38556
93.398688
104.017572
91.868544
91.218924
92.056248
93.17502
93.015936
88.588584
90.717372
99.03402
89.2746
94.225104
94.071096
91.45296
99.92826
94.790376
93.432492
90.460224
96.871752
96.225588
100.534788
104.211324
98.171208
90.527076
100.166616
101.7432
90.006516
98.340768
91.659564
95.353596
98.298648
96.767208
105.224364
90.553968
94.194648
92.882016
91.421316
95.12118
98.483004
98.203176
91.985292
98.276184
87.367752
104.707152
90.448884
100.576584
99.768852
96.372036
90.311616
88.076016
90.262152
101.59146
96.537816
94.09248
108.036036
100.171692
99.543564
107.544852
96.269976
95.994576
109.768248
103.721868
108.918072
113.582592
106.017408
112.580244
114.896736
117.336456
120.112488
117.873324
116.860392
116.834688
116.614476
120.51792
113.360868
118.185876
113.544252
121.628808
112.693536
121.158468
117.469944
116.577648
113.74416
113.817168
110.6451
111.504024
113.867064
110.577276
108.298152
104.300316
108.936432
100.207224
110.969424
109.933272
115.93926
115.516548
112.397292
119.222892
108.856296
109.543608
112.042512
118.978704
115.897248
113.762412
110.239884
114.49476
107.91162
104.313708
107.329392
111.959676
111.147084
111.866904
106.0119
109.63746
105.544152
113.429664
108.618912
108.085932
115.544412
113.56596
114.436872
108.92844
107.553276
107.940564
109.007496
110.620476
111.318048
107.187048
114.123132
106.516692
106.239888
113.219928
108.430344
105.800652
102.577608
104.550012
100.80684
104.907816
102.684636
103.839912
101.450952
106.4628
108.372132
105.594804
103.841208
105.383988
105.089688
101.141964
103.266432
101.281824
103.04082
103.132728
105.390576
103.206924
104.087232
107.639244
103.962924
101.608956
108.932976
107.465796
102.728916
107.176356
107.94024
109.89342
111.588588
103.490424
107.233488
102.66174
103.459104
101.698488
105.148224
106.81596
101.44458
105.477732
104.43618
105.831
103.999212
97.37028
102.840912
100.073412
97.753788
104.65164
104.106888
103.362336
94.764024
99.298944
100.269972
96.457032
92.182824
89.107956
94.583988
97.051356
95.678784
97.141428
86.709168
89.153964
92.152476
93.964824
91.498968
88.614612
100.599048
96.390504
94.544676
102.902904
97.584552
97.530876
103.955364
97.05924
90.08568
109.449324
97.020576
101.279772
102.923964
102.823308
87.76044
94.218624
100.438344
103.323456
99.400896
94.885956
102.124008
101.821068
95.705352
85.226436
101.699028
102.814668
106.5708
103.410288
99.240516
105.054912
109.374264
101.796444
105.611328
109.744488
108.132264
114.819192
120.635532
119.658996
114.221304
121.8312
113.418864
115.745616
105.941916
108.878004
116.544816
108.55746
103.634496
105.26076
106.540668
116.377848
111.51774
107.226144
98.954208
111.121164
106.606116
93.52602
98.842428
112.984164
105.247584
99.612036
102.762504
96.712236
99.165888
98.128764
95.275296
92.9871
104.388336
99.432
105.526764
97.572024
89.421048
96.764184
101.13138
108.364356
99.293976
92.40768
96.26382
98.327376
103.86756
86.349312
108.50832
105.970968
101.1411
96.966252
100.811592
105.959412
99.3537
94.248
87.696072
102.162348
101.44296
95.527152
107.242776
109.768788
102.199932
90.919764
103.690116
95.675004
107.951904
108.910728
107.055504
107.73018
99.257256
103.564404
103.987656
101.482812
117.499968
108.235836
106.218828
100.633176
118.838088
110.324988
97.47774
105.146604
106.58376
106.758072
112.934268
104.967756
108.913644
95.4009
98.893188
107.545392
102.381156
106.733124
104.143716
110.688084
102.616488
110.367432
115.61472
114.920712
112.361652
112.529916
108.810936
99.585252
100.776816
98.272296
95.856984
97.220916
88.679952
97.901856
82.750536
85.082256
84.502836
96.076224
102.50244
109.30266
94.812624
100.34568
92.837196
85.341996
88.605216
91.870812
91.907316
88.564608
91.928808
87.030144
92.676924
95.04666
103.552092
105.929928
87.260184
89.98902
85.4487
90.872892
98.356212
95.950512
87.815412
78.653988
86.824944
82.28106
80.825544
89.004168
92.57778
84.604788
74.601612
84.94164
86.361624
76.137264
84.67974
96.232608
78.275124
91.860012
88.023744
78.42978
64.856556
76.939596
77.153868
78.712848
73.840536
61.821864
77.62356
78.917076
70.585092
70.554636
77.513832
78.453648
77.574528
76.332636
74.757564
78.616728
83.28006
96.551856
78.538644
74.49696
87.5304
89.6229
88.97922
83.685816
91.281672
97.176096
104.37516
75.020868
86.525892
88.918416
99.580932
100.281312
89.883828
88.547004
88.410384
98.15382
94.369176
94.395636
84.61602
82.500624
87.539364
88.160796
80.606196
85.803804
93.375576
95.298408
101.821176
103.866588
110.529864
92.72466
102.13524
106.207488
115.79616
111.48912
113.433336
113.025096
108.332172
110.049912
100.24686
102.794904
105.757884
105.660468
101.067228
109.721052
119.904156
113.894928
105.979176
113.709276
118.99566
124.723116
120.361752
112.406364
111.861504
118.107576
110.459664
119.557152
125.379648
120.839004
119.193732
136.574172
134.383716
120.312396
114.97212
111.83742
114.379092
117.473076
130.467096
123.481548
116.9415
122.083704
124.311852
124.927884
125.701488
128.903688
130.86756
132.781644
128.156976
127.217808
136.915452
120.164112
128.648592
127.234548
125.546076
129.50298
129.13524
127.699704
128.11572
130.83192
124.22664
133.3359
130.48848
120.087864
117.292068
125.55396
138.514284
133.99254
122.451984
115.879644
122.335668
122.83182
126.013284
125.936172
124.139916
132.54696
128.881332
133.781832
122.47002
122.681268
111.019428
102.68658
117.62136
106.917804
102.273696
110.664
111.026772
116.60832
101.144232
98.990604
98.444664
104.980932
125.22132
117.186876
112.806828
102.31128
105.478488
120.81816
117.97344
120.588336
120.808332
118.611828
115.438032
117.527292
108.15678
107.228196
96.098364
100.421496
95.413644
96.099228
95.20704
100.111104
104.072004
106.692516
107.626284
108.916884
112.812228
100.353888
91.564524
91.90224
100.683396
108.298692
110.06298
106.90668
114.464736
106.446708
102.252852
93.90888
103.600368
104.388012
106.062984
108.389736
99.9261
103.609332
108.905328
101.414448
99.444636
110.622744
108.556056
100.319112
108.191772
103.931064
108.315
103.017168
105.22188
106.436556
104.000616
109.340352
106.546824
102.967596
95.67198
96.39612
93.3003
100.388988
100.116504
98.107164
110.137608
106.857648
109.060308
111.14676
116.327952
108.355284
102.01968
106.650396
108.305712
114.422508
119.603916
115.29396
109.515852
111.5064
116.939016
114.624792
115.098804
117.084924
119.117592
109.526652
106.376508
114.01632
118.443456
112.292424
107.19936
116.837604
117.464004
112.789116
117.292824
105.993324
115.865496
111.562344
115.631568
113.460984
112.309812
112.807908
116.560152
118.068156
119.30076
116.369748
111.496896
110.91564
109.632816
113.964264
117.122508
117.511956
113.067432
112.1328
114.900624
109.126296
106.397244
111.75156
108.368892
113.879376
116.3556
112.713408
106.935516
112.502808
106.874712
99.217836
107.418384
103.618836
110.8017
107.224092
110.452644
114.178644
102.699972
105.505596
108.62388
106.972128
104.833512
110.058768
106.58592
111.71862
107.646048
92.71872
88.39656
94.729572
103.068036
86.006304
82.8027
83.814984
97.534872
106.73874
108.340056
93.6162
92.081736
91.744992
101.157516
105.74082
106.69392
96.857388
80.538372
74.543616
91.159632
96.455412
86.657976
90.237636
94.550724
98.057052
109.670184
106.507728
102.7233
105.183432
96.695604
104.288328
106.00596
105.154272
119.327544
111.087252
110.479212
107.565588
114.087276
110.975148
113.561964
108.266076
101.37978
111.911616
114.980112
107.939916
110.791656
114.506748
111.83202
109.15362
111.533724
115.622928
117.951624
114.441516
118.395072
121.879476
112.190472
117.069588
118.5588
121.825584
123.555528
127.238544
120.713292
130.399596
131.324832
126.47898
128.853144
149.39712
146.829852
139.912992
133.9488
124.292736
144.385272
135.218556
139.875948
139.383468
135.789552
136.10826
137.575332
140.113332
139.565664
139.63446
145.679868
148.344228
147.098556
150.715368
147.537144
145.24452
147.38508
141.81336
142.39602
145.094076
153.227016
153.996624
148.278132
151.01982
146.456172
150.443748
155.62224
153.777384
149.949324
155.181168
154.190484
147.122748
150.926832
145.293444
146.296224
140.43204
146.081952
144.73692
140.770404
143.879184
139.021884
141.144624
138.826188
142.623468
145.888416
149.863896
144.535068
147.41964
146.489436
146.35476
147.653784
148.889304
153.028404
159.331608
143.783388
165.568824
150.975648
154.93374
150.140808
144.046044
150.481008
149.734512
146.075688
146.065644
142.969608
151.607988
149.793696
148.903668
146.773044
148.938228
149.008536
150.952968
151.528608
152.502768
156.510324
150.436836
136.933704
144.949572
146.020068
146.030544
142.179264
150.455088
145.824696
150.764184
143.604
144.394236
145.348092
154.58814
145.18944
137.994804
141.025068
139.636188
140.1588
138.12246
135.25992
134.552844
138.25476
137.176488
142.435116
136.501596
130.9572
120.646548
122.793912
118.948248
111.046104
119.27538
107.561052
104.28174
117.282564
108.558
122.948676
120.752928
129.02886
113.9283
102.69576
101.740392
103.075272
107.961192
106.627392
99.903312
112.795812
111.44646
114.417216
111.169224
94.994496
106.036524
95.390208
97.610364
105.588108
107.493336
97.30278
114.334056
97.766748
101.886624
90.210096
104.191776
112.991508
112.683276
107.514828
112.079988
108.484236
103.866156
107.53308
109.014624
111.163716
106.996212
111.640752
111.381876
111.71916
103.537404
108.185616
110.826756
115.863768
109.944072
107.190072
106.235352
107.877384
107.66862
109.050264
108.377748
114.318504
109.624284
108.763632
106.830108
106.866396
111.795948
115.611588
121.97214
108.968724
100.350864
114.705468
123.246972
123.358104
118.93086
100.210896
100.091232
98.302536
107.024616
104.149764
105.705612
113.02164
115.792164
117.546192
104.689872
100.426248
113.33052
109.637244
114.58008
105.779376
102.706992
104.287248
110.358576
103.881924
99.796932
112.775292
112.502484
108.700452
109.799136
112.192416
111.484908
108.276228
106.116228
100.088964
108.777888
106.072704
111.925872
111.988188
114.744024
102.735612
107.25714
113.4558
108.179892
107.797464
109.95444
106.654932
112.468248
115.96842
109.025964
105.870744
105.007284
106.373592
106.865424
108.648828
102.233304
113.96664
105.79212
105.93468
107.883864
108.93762
107.2539
102.26862
105.762096
103.262652
104.404428
106.9974
100.686204
104.866884
103.646484
99.03672
96.772824
94.977
99.200772
103.095576
104.998644
102.933036
104.994108
95.959368
98.548776
91.611288
99.692388
94.854744
99.078084
106.234704
93.45366
104.9832
106.066548
107.213832
101.409372
96.604128
105.480432
99.569052
101.535516
98.902908
105.44382
103.34052
106.82406
104.710176
106.517016
103.612356
107.973288
107.844768
107.427564
107.989056
108.823464
111.46158
121.24044
115.497216
114.8409
101.528172
105.380856
107.794656
107.128836
111.8007
117.75096
114.079932
114.363648
115.511256
114.059844
106.842204
107.00442
101.907792
113.435064
104.428836
105.998076
112.297068
111.73752
111.07548
107.404344
102.365496
117.853992
112.533156
104.179896
113.02704
105.9525
100.22148
104.506272
110.42748
101.861352
99.640008
109.033632
108.141984
109.153512
102.791556
107.32248
103.475088
114.013296
122.273784
111.408552
112.11336
104.061528
101.2869
96.6618
106.756452
109.016568
103.474548
102.554388
91.907208
105.350508
95.538168
103.113936
103.799196
110.617668
110.06946
110.067732
110.687976
115.03152
116.45064
115.403904
112.658652
108.54288
110.490876
116.69958
111.384576
122.482872
112.949712
110.178216
115.85016
112.220604
112.062492
115.779636
115.080336
118.225512
116.81082
115.381224
120.995064
129.352536
119.877048
115.662348
119.037024
120.501288
116.014644
115.245576
118.851048
121.718988
117.267336
118.768428
123.281208
126.495612
115.634592
119.34018
113.423616
122.199912
123.692472
120.836412
126.312552
127.15182
119.337048
124.38918
121.656132
118.706976
121.576212
123.650136
120.743532
118.784844
130.236732
128.746656
124.340364
120.706272
122.191164
119.085516
122.15466
117.663048
122.00076
119.553372
117.96642
119.726604
119.868624
122.002704
119.949084
126.713772
124.406136
130.399704
117.929484
121.166244
124.070148
122.852448
125.070444
126.388476
123.964416
134.383284
120.81816
121.21614
123.171804
131.68998
131.075028
124.948728
127.921428
123.368364
131.023188
113.549004
117.311076
123.586524
130.274316
128.641896
127.09566
123.550884
123.263172
119.598192
125.576532
114.93432
124.213248
124.838136
124.052544
129.97926
125.926992
121.622004
121.882824
120.648708
124.737696
123.20118
121.265496
128.963844
114.438276
127.74636
120.397392
122.738832
130.692168
128.68974
126.754056
133.751808
122.861412
112.53078
116.260344
123.488352
136.617264
125.890704
117.70452
117.959076
127.330236
128.328804
121.8852
117.353304
119.101284
111.677364
116.332596
125.530632
120.828204
115.890552
113.227812
116.752716
122.181768
118.391184
121.101228
121.95756
119.217168
115.528968
116.620416
118.318284
123.905016
121.401252
122.95494
121.787676
119.764296
124.04034
119.81106
118.283292
124.476336
130.125276
122.9706
125.054352
124.826148
126.328212
119.894004
122.481252
131.574096
132.326316
126.835164
129.643272
132.821064
123.462108
127.04058
123.200856
124.378164
125.278344
125.428032
127.242
130.543992
125.482032
127.261332
129.59154
130.162212
121.69458
129.467124
125.000136
125.4951
131.776596
124.590924
127.736532
116.9793
119.034648
124.470288
125.332776
121.556988
121.174884
124.777656
119.559636
121.800744
125.510652
113.211288
127.061208
120.617928
121.377384
124.052004
125.058888
120.44502
119.554452
118.993392
121.329108
122.929452
119.375928
110.528892
116.478288
113.821704
117.870516
125.672868
113.941368
112.882644
109.498356
115.547436
114.451668
116.716428
121.04928
113.499648
123.723468
122.360724
124.009344
123.616872
125.212248
105.106752
113.835636
120.294684
119.506284
119.761596
112.521924
111.896388
116.51706
119.59074
114.604164
116.795808
131.3082
116.25624
114.581808
121.06818
111.75426
107.519796
107.132616
106.968672
115.518384
117.367452
119.580264
113.999148
113.048424
113.832612
102.20274
117.363132
122.50836
119.33586
106.708824
111.182184
114.842412
117.84654
117.00306
114.5736
110.029716
113.83164
117.089892
113.676984
112.312296
110.468196
111.609
116.58942
123.37776
124.65486
123.483168
122.440752
124.670952
120.024576
107.721216
108.300204
115.43328
115.893468
121.498668
124.103304
111.334572
109.857564
113.260536
119.70252
118.65708
123.336828
105.237
110.256408
117.571356
116.951328
115.497
112.813632
119.100096
116.213148
117.085356
100.114128
107.484588
109.669212
104.81094
107.132292
108.328176
112.80672
119.849076
117.958212
112.492764
107.119224
114.032196
102.535488
106.281252
108.070164
102.886056
105.348888
107.5671
105.013224
114.93972
121.727304
117.481824
125.8218
111.47562
99.140292
117.0738
106.873632
103.84218
100.152468
104.736528

