446.255136
444.704148
449.107308
432.681588
429.504552
433.959552
436.97448
440.122788
460.701108
438.979716
438.283548
447.953436
427.43538
436.356612
431.880552
425.790432
431.93736
434.813292
440.413092
458.844804
449.600976
428.941656
407.782944
420.428448
414.016272
426.526344
427.16646
428.625972
441.927576
435.05154
428.49918
448.020828
432.325512
432.512568
421.462116
425.93796
420.356412
430.339284
426.328704
432.879336
434.055132
433.132164
435.436128
437.925744
436.809132
440.082828
417.691512
429.101496
420.914988
408.179952
407.278908
394.529184
406.075356
414.299772
424.188252
425.006136
426.58218
423.594684
426.73716
431.786052
441.1935
440.09568
444.119976
442.74006
417.6009
406.89864
422.874972
413.74692
411.622344
410.450544
398.113812
386.593992
422.462088
420.036732
408.047868
417.6684
415.272636
408.994056
404.992764
427.444884
368.80866
358.598448
377.899128
395.36856
400.295304
381.574692
377.896752
405.507492
428.802012
419.970744
410.85846
411.195744
407.614572
396.021636
354.347244
382.701888
409.536324
405.3294
396.08514
380.013552
391.39254
379.480464
414.53964
390.26124
422.703252
392.677416
406.61568
373.3101
367.431768
368.023068
392.541984
406.032048
398.290392
380.062476
376.039584
400.154796
415.576872
378.607392
370.118268
377.786052
369.920628
385.7598
397.200996
399.16206
408.957336
433.761804
387.408852
356.783508
387.69516
374.693148
402.01056
399.444804
420.866928
398.472912
385.583436
376.6635
382.977828
385.638732
383.73858
383.651532
393.839928
392.343048
413.530704
365.204592
395.051148
381.5505
388.102752
385.2549
378.269244
401.888412
403.175988
403.758216
392.533992
385.962732
394.850052
410.325588
424.125504
402.946056
406.73718
383.974668
389.111256
416.141064
400.636908
398.265876
370.03932
392.144004
373.166892
392.582808
380.552364
380.304504
378.639576
387.090468
415.41012
393.426828
393.98994
399.704328
399.660912
383.65704
381.77838
379.107756
378.207036
386.09838
402.009912
394.696908
388.749996
396.818136
395.855748
395.672472
379.376028
387.153756
385.305552
393.5331
396.09432
389.64672
378.352944
368.400852
372.71286
389.922768
398.30238
395.09802
360.332064
429.253992
407.095524
387.545688
395.247384
393.412572
396.32544
399.568248
394.322256
388.197468
391.627332
404.660988
403.514784
396.463356
391.086576
413.394624
380.557224
383.007312
383.744628
394.803072
397.978272
397.934964
388.083744
386.242128
380.887704
386.12592
405.854604
401.427144
383.08896
385.496928
389.362788
393.640668
387.046512
398.269008
388.840068
396.996336
393.409332
404.180928
389.455776
371.62746
389.233944
372.776472
412.29
421.32042
405.500472
387.255276
393.155208
453.258396
467.61948
392.472972
412.923852
405.895428
426.392316
450.554076
460.761264
454.080924
442.112472
421.250436
415.679256
418.049964
446.905836
449.12124
451.639692
453.311208
440.498088
434.3355
426.857796
442.794924
427.86954
429.370524
437.62464
443.487636
428.880636
434.802924
442.128456
436.22874
451.38978
448.961076
454.409028
461.568888
450.9108
440.369352
444.331008
450.724932
448.571304
448.38306
455.298732
447.968664
445.873032
439.187508
438.10848
456.980832
460.072548
467.956224
472.29642
447.477048
453.48012
459.347328
465.486372
478.013292
467.812692
467.978796
470.680416
475.935804
474.12054
477.83574
480.282264
474.321636
474.226056
482.903964
480.967524
482.895
484.729488
482.183928
481.286664
484.629912
483.510276
491.836104
491.980716
489.412908
488.399544
481.289148
480.53196
481.909284
496.351368
490.814424
486.53784
481.625784
490.481892
478.067508
478.384704
474.00768
475.060572
475.438896
470.117628
468.869688
468.54612
463.73418
456.78924
462.885516
463.289328
453.74526
450.591768
454.914144
450.689508
462.138156
447.790572
463.212
447.838848
448.942716
444.772188
446.657004
457.025868
453.65076
450.607536
447.42186
443.308896
449.982972
454.128768
466.38288
445.160556
459.457488
469.58724
467.512668
461.534652
460.649484
465.976476
462.882492
462.772116
459.517212
463.146876
463.9491
446.2884
453.92562
453.34134
470.605032
464.745168
460.103544
460.122012
463.859784
468.49914
466.70202
469.535832
470.563776
469.1169
474.701904
469.8243
467.956764
456.80382
464.435532
461.580228
463.775436
473.625576
468.529272
464.812344
466.29432
466.424028
466.347888
462.89286
449.941824
465.20568
467.33328
466.438824
460.129032
454.116996
463.897692
449.444592
449.33346
447.568308
452.843028
457.478064
459.267084
445.664916
443.949444
454.323492
456.036372
451.912392
447.553188
443.974716
446.951196
451.468188
448.656192
442.251684
450.437004
451.989288
461.368224
454.220676
459.50976
448.830936
449.12556
453.756276
462.35232
455.905584
448.656948
462.63528
464.059584
459.17712
467.583084
461.124468
460.723032
461.108484
466.462152
462.32316
460.294164
465.472332
467.332308
466.743168
465.835104
468.473544
466.902252
470.955276
469.486368
471.126132
465.011388
470.880972
466.307496
473.562072
472.547304
470.492496
468.09522
466.40556
469.68228
471.59658
468.677772
468.891288
468.043488
472.537908
466.716168
467.189532
463.180356
463.60674
466.772652
458.136
460.98774
455.280264
455.39982
459.068796
464.091768
450.468216
462.045924
473.602572
464.16672
462.992544
459.432324
456.653268
460.515456
465.031908
457.254288
450.233316
454.6692
450.95346
450.481932
455.697468
454.229316
462.054348
453.58434
453.51468
452.836764
455.05368
449.245764
446.771916
455.781924
442.807884
456.437052
447.815952
451.856556
459.303696
448.967124
455.979348
447.571116
446.673636
453.500532
460.190052
443.598984
450.54792
461.960064
451.438272
447.699636
452.82672
450.390348
450.319608
451.824372
460.08378
448.572816
459.38556
453.398688
464.017572
451.868544
451.218924
452.056248
453.17502
453.015936
448.588584
450.717372
459.03402
449.2746
454.225104
454.071096
451.45296
459.92826
454.790376
453.432492
450.460224
456.871752
456.225588
460.534788
464.211324
458.171208
450.527076
460.166616
461.7432
450.006516
458.340768
451.659564
455.353596
458.298648
456.767208
465.224364
450.553968
454.194648
452.882016
451.421316
455.12118
458.483004
458.203176
451.985292
458.276184
447.367752
464.707152
450.448884
460.576584
459.768852
456.372036
450.311616
448.076016
450.262152
461.59146
456.537816
454.09248
468.036036
460.171692
459.543564
467.544852
456.269976
455.994576
469.768248
463.721868
468.918072
473.582592
466.017408
472.580244
474.896736
477.336456
480.112488
477.873324
476.860392
476.834688
476.614476
480.51792
473.360868
478.185876
473.544252
481.628808
472.693536
481.158468
477.469944
476.577648
473.74416
473.817168
470.6451
471.504024
473.867064
470.577276
468.298152
464.300316
468.936432
460.207224
470.969424
469.933272
475.93926
475.516548
472.397292
479.222892
468.856296
469.543608
472.042512
478.978704
475.897248
473.762412
470.239884
474.49476
467.91162
464.313708
467.329392
471.959676
471.147084
471.866904
466.0119
469.63746
465.544152
473.429664
468.618912
468.085932
475.544412
473.56596
474.436872
468.92844
467.553276
467.940564
469.007496
470.620476
471.318048
467.187048
474.123132
466.516692
466.239888
473.219928
468.430344
465.800652
462.577608
464.550012
460.80684
464.907816
462.684636
463.839912
461.450952
466.4628
468.372132
465.594804
463.841208
465.383988
465.089688
461.141964
463.266432
461.281824
463.04082
463.132728
465.390576
463.206924
464.087232
467.639244
463.962924
461.608956
468.932976
467.465796
462.728916
467.176356
467.94024
469.89342
471.588588
463.490424
467.233488
462.66174
463.459104
461.698488
465.148224
466.81596
461.44458
465.477732
464.43618
465.831
463.999212
457.37028
462.840912
460.073412
457.753788
464.65164
464.106888
463.362336
454.764024
459.298944
460.269972
456.457032
452.182824
449.107956
454.583988
457.051356
455.678784
457.141428
446.709168
449.153964
452.152476
453.964824
451.498968
448.614612
460.599048
456.390504
454.544676
462.902904
457.584552
457.530876
463.955364
457.05924
450.08568
469.449324
457.020576
461.279772
462.923964
462.823308
447.76044
454.218624
460.438344
463.323456
459.400896
454.885956
462.124008
461.821068
455.705352
445.226436
461.699028
462.814668
466.5708
463.410288
459.240516
465.054912
469.374264
461.796444
465.611328
469.744488
468.132264
474.819192
480.635532
479.658996
474.221304
481.8312
473.418864
475.745616
465.941916
468.878004
476.544816
468.55746
463.634496
465.26076
466.540668
476.377848
471.51774
467.226144
458.954208
471.121164
466.606116
453.52602
458.842428
472.984164
465.247584
459.612036
462.762504
456.712236
459.165888
458.128764
455.275296
452.9871
464.388336
459.432
465.526764
457.572024
449.421048
456.764184
461.13138
468.364356
459.293976
452.40768
456.26382
458.327376
463.86756
446.349312
468.50832
465.970968
461.1411
456.966252
460.811592
465.959412
459.3537
454.248
447.696072
462.162348
461.44296
455.527152
467.242776
469.768788
462.199932
450.919764
463.690116
455.675004
467.951904
468.910728
467.055504
467.73018
459.257256
463.564404
463.987656
461.482812
477.499968
468.235836
466.218828
460.633176
478.838088
470.324988
457.47774
465.146604
466.58376
466.758072
472.934268
464.967756
468.913644
455.4009
458.893188
467.545392
462.381156
466.733124
464.143716
470.688084
462.616488
470.367432
475.61472
474.920712
472.361652
472.529916
468.810936
459.585252
460.776816
458.272296
455.856984
457.220916
448.679952
457.901856
442.750536
445.082256
444.502836
456.076224
462.50244
469.30266
454.812624
460.34568
452.837196
445.341996
448.605216
451.870812
451.907316
448.564608
451.928808
447.030144
452.676924
455.04666
463.552092
465.929928
447.260184
449.98902
445.4487
450.872892
458.356212
455.950512
447.815412
438.653988
446.824944
442.28106
440.825544
449.004168
452.57778
444.604788
434.601612
444.94164
446.361624
436.137264
444.67974
456.232608
438.275124
451.860012
448.023744
438.42978
424.856556
436.939596
437.153868
438.712848
433.840536
421.821864
437.62356
438.917076
430.585092
430.554636
437.513832
438.453648
437.574528
436.332636
434.757564
438.616728
443.28006
456.551856
438.538644
434.49696
447.5304
449.6229
448.97922
443.685816
451.281672
457.176096
464.37516
435.020868
446.525892
448.918416
459.580932
460.281312
449.883828
448.547004
448.410384
458.15382
454.369176
454.395636
444.61602
442.500624
447.539364
448.160796
440.606196
445.803804
453.375576
455.298408
461.821176
463.866588
470.529864
452.72466
462.13524
466.207488
475.79616
471.48912
473.433336
473.025096
468.332172
470.049912
460.24686
462.794904
465.757884
465.660468
461.067228
469.721052
479.904156
473.894928
465.979176
473.709276
478.99566
484.723116
480.361752
472.406364
471.861504
478.107576
470.459664
479.557152
485.379648
480.839004
479.193732
496.574172
494.383716
480.312396
474.97212
471.83742
474.379092
477.473076
490.467096
483.481548
476.9415
482.083704
484.311852
484.927884
485.701488
488.903688
490.86756
492.781644
488.156976
487.217808
496.915452
480.164112
488.648592
487.234548
485.546076
489.50298
489.13524
487.699704
488.11572
490.83192
484.22664
493.3359
490.48848
480.087864
477.292068
485.55396
498.514284
493.99254
482.451984
475.879644
482.335668
482.83182
486.013284
485.936172
484.139916
492.54696
488.881332
493.781832
482.47002
482.681268
471.019428
462.68658
477.62136
466.917804
462.273696
470.664
471.026772
476.60832
461.144232
458.990604
458.444664
464.980932
485.22132
477.186876
472.806828
462.31128
465.478488
480.81816
477.97344
480.588336
480.808332
478.611828
475.438032
477.527292
468.15678
467.228196
456.098364
460.421496
455.413644
456.099228
455.20704
460.111104
464.072004
466.692516
467.626284
468.916884
472.812228
460.353888
451.564524
451.90224
460.683396
468.298692
470.06298
466.90668
474.464736
466.446708
462.252852
453.90888
463.600368
464.388012
466.062984
468.389736
459.9261
463.609332
468.905328
461.414448
459.444636
470.622744
468.556056
460.319112
468.191772
463.931064
468.315
463.017168
465.22188
466.436556
464.000616
469.340352
466.546824
462.967596
455.67198
456.39612
453.3003
460.388988
460.116504
458.107164
470.137608
466.857648
469.060308
471.14676
476.327952
468.355284
462.01968
466.650396
468.305712
474.422508
479.603916
475.29396
469.515852
471.5064
476.939016
474.624792
475.098804
477.084924
479.117592
469.526652
466.376508
474.01632
478.443456
472.292424
467.19936
476.837604
477.464004
472.789116
477.292824
465.993324
475.865496
471.562344
475.631568
473.460984
472.309812
472.807908
476.560152
478.068156
479.30076
476.369748
471.496896
470.91564
469.632816
473.964264
477.122508
477.511956
473.067432
472.1328
474.900624
469.126296
466.397244
471.75156
468.368892
473.879376
476.3556
472.713408
466.935516
472.502808
466.874712
459.217836
467.418384
463.618836
470.8017
467.224092
470.452644
474.178644
462.699972
465.505596
468.62388
466.972128
464.833512
470.058768
466.58592
471.71862
467.646048
452.71872
448.39656
454.729572
463.068036
446.006304
442.8027
443.814984
457.534872
466.73874
468.340056
453.6162
452.081736
451.744992
461.157516
465.74082
466.69392
456.857388
440.538372
434.543616
451.159632
456.455412
446.657976
450.237636
454.550724
458.057052
469.670184
466.507728
462.7233
465.183432
456.695604
464.288328
466.00596
465.154272
479.327544
471.087252
470.479212
467.565588
474.087276
470.975148
473.561964
468.266076
461.37978
471.911616
474.980112
467.939916
470.791656
474.506748
471.83202
469.15362
471.533724
475.622928
477.951624
474.441516
478.395072
481.879476
472.190472
477.069588
478.5588
481.825584
483.555528
487.238544
480.713292
490.399596
491.324832
486.47898
488.853144
509.39712
506.829852
499.912992
493.9488
484.292736
504.385272
495.218556
499.875948
499.383468
495.789552
496.10826
497.575332
500.113332
499.565664
499.63446
505.679868
508.344228
507.098556
510.715368
507.537144
505.24452
507.38508
501.81336
502.39602
505.094076
513.227016
513.996624
508.278132
511.01982
506.456172
510.443748
515.62224
513.777384
509.949324
515.181168
514.190484
507.122748
510.926832
505.293444
506.296224
500.43204
506.081952
504.73692
500.770404
503.879184
499.021884
501.144624
498.826188
502.623468
505.888416
509.863896
504.535068
507.41964
506.489436
506.35476
507.653784
508.889304
513.028404
519.331608
503.783388
525.568824
510.975648
514.93374
510.140808
504.046044
510.481008
509.734512
506.075688
506.065644
502.969608
511.607988
509.793696
508.903668
506.773044
508.938228
509.008536
510.952968
511.528608
512.502768
516.510324
510.436836
496.933704
504.949572
506.020068
506.030544
502.179264
510.455088
505.824696
510.764184
503.604
504.394236
505.348092
514.58814
505.18944
497.994804
501.025068
499.636188
500.1588
498.12246
495.25992
494.552844
498.25476
497.176488
502.435116
496.501596
490.9572
480.646548
482.793912
478.948248
471.046104
479.27538
467.561052
464.28174
477.282564
468.558
482.948676
480.752928
489.02886
473.9283
462.69576
461.740392
463.075272
467.961192
466.627392
459.903312
472.795812
471.44646
474.417216
471.169224
454.994496
466.036524
455.390208
457.610364
465.588108
467.493336
457.30278
474.334056
457.766748
461.886624
450.210096
464.191776
472.991508
472.683276
467.514828
472.079988
468.484236
463.866156
467.53308
469.014624
471.163716
466.996212
471.640752
471.381876
471.71916
463.537404
468.185616
470.826756
475.863768
469.944072
467.190072
466.235352
467.877384
467.66862
469.050264
468.377748
474.318504
469.624284
468.763632
466.830108
466.866396
471.795948
475.611588
481.97214
468.968724
460.350864
474.705468
483.246972
483.358104
478.93086
460.210896
460.091232
458.302536
467.024616
464.149764
465.705612
473.02164
475.792164
477.546192
464.689872
460.426248
473.33052
469.637244
474.58008
465.779376
462.706992
464.287248
470.358576
463.881924
459.796932
472.775292
472.502484
468.700452
469.799136
472.192416
471.484908
468.276228
466.116228
460.088964
468.777888
466.072704
471.925872
471.988188
474.744024
462.735612
467.25714
473.4558
468.179892
467.797464
469.95444
466.654932
472.468248
475.96842
469.025964
465.870744
465.007284
466.373592
466.865424
468.648828
462.233304
473.96664
465.79212
465.93468
467.883864
468.93762
467.2539
462.26862
465.762096
463.262652
464.404428
466.9974
460.686204
464.866884
463.646484
459.03672
456.772824
454.977
459.200772
463.095576
464.998644
462.933036
464.994108
455.959368
458.548776
451.611288
459.692388
454.854744
459.078084
466.234704
453.45366
464.9832
466.066548
467.213832
461.409372
456.604128
465.480432
459.569052
461.535516
458.902908
465.44382
463.34052
466.82406
464.710176
466.517016
463.612356
467.973288
467.844768
467.427564
467.989056
468.823464
471.46158
481.24044
475.497216
474.8409
461.528172
465.380856
467.794656
467.128836
471.8007
477.75096
474.079932
474.363648
475.511256
474.059844
466.842204
467.00442
461.907792
473.435064
464.428836
465.998076
472.297068
471.73752
471.07548
467.404344
462.365496
477.853992
472.533156
464.179896
473.02704
465.9525
460.22148
464.506272
470.42748
461.861352
459.640008
469.033632
468.141984
469.153512
462.791556
467.32248
463.475088
474.013296
482.273784
471.408552
472.11336
464.061528
461.2869
456.6618
466.756452
469.016568
463.474548
462.554388
451.907208
465.350508
455.538168
463.113936
463.799196
470.617668
470.06946
470.067732
470.687976
475.03152
476.45064
475.403904
472.658652
468.54288
470.490876
476.69958
471.384576
482.482872
472.949712
470.178216
475.85016
472.220604
472.062492
475.779636
475.080336
478.225512
476.81082
475.381224
480.995064
489.352536
479.877048
475.662348
479.037024
480.501288
476.014644
475.245576
478.851048
481.718988
477.267336
478.768428
483.281208
486.495612
475.634592
479.34018
473.423616
482.199912
483.692472
480.836412
486.312552
487.15182
479.337048
484.38918
481.656132
478.706976
481.576212
483.650136
480.743532
478.784844
490.236732
488.746656
484.340364
480.706272
482.191164
479.085516
482.15466
477.663048
482.00076
479.553372
477.96642
479.726604
479.868624
482.002704
479.949084
486.713772
484.406136
490.399704
477.929484
481.166244
484.070148
482.852448
485.070444
486.388476
483.964416
494.383284
480.81816
481.21614
483.171804
491.68998
491.075028
484.948728
487.921428
483.368364
491.023188
473.549004
477.311076
483.586524
490.274316
488.641896
487.09566
483.550884
483.263172
479.598192
485.576532
474.93432
484.213248
484.838136
484.052544
489.97926
485.926992
481.622004
481.882824
480.648708
484.737696
483.20118
481.265496
488.963844
474.438276
487.74636
480.397392
482.738832
490.692168
488.68974
486.754056
493.751808
482.861412
472.53078
476.260344
483.488352
496.617264
485.890704
477.70452
477.959076
487.330236
488.328804
481.8852
477.353304
479.101284
471.677364
476.332596
485.530632
480.828204
475.890552
473.227812
476.752716
482.181768
478.391184
481.101228
481.95756
479.217168
475.528968
476.620416
478.318284
483.905016
481.401252
482.95494
481.787676
479.764296
484.04034
479.81106
478.283292
484.476336
490.125276
482.9706
485.054352
484.826148
486.328212
479.894004
482.481252
491.574096
492.326316
486.835164
489.643272
492.821064
483.462108
487.04058
483.200856
484.378164
485.278344
485.428032
487.242
490.543992
485.482032
487.261332
489.59154
490.162212
481.69458
489.467124
485.000136
485.4951
491.776596
484.590924
487.736532
476.9793
479.034648
484.470288
485.332776
481.556988
481.174884
484.777656
479.559636
481.800744
485.510652
473.211288
487.061208
480.617928
481.377384
484.052004
485.058888
480.44502
479.554452
478.993392
481.329108
482.929452
479.375928
470.528892
476.478288
473.821704
477.870516
485.672868
473.941368
472.882644
469.498356
475.547436
474.451668
476.716428
481.04928
473.499648
483.723468
482.360724
484.009344
483.616872
485.212248
465.106752
473.835636
480.294684
479.506284
479.761596
472.521924
471.896388
476.51706
479.59074
474.604164
476.795808
491.3082
476.25624
474.581808
481.06818
471.75426
467.519796
467.132616
466.968672
475.518384
477.367452
479.580264
473.999148
473.048424
473.832612
462.20274
477.363132
482.50836
479.33586
466.708824
471.182184
474.842412
477.84654
477.00306
474.5736
470.029716
473.83164
477.089892
473.676984
472.312296
470.468196
471.609
476.58942
483.37776
484.65486
483.483168
482.440752
484.670952
480.024576
467.721216
468.300204
475.43328
475.893468
481.498668
484.103304
471.334572
469.857564
473.260536
479.70252
478.65708
483.336828
465.237
470.256408
477.571356
476.951328
475.497
472.813632
479.100096
476.213148
477.085356
460.114128
467.484588
469.669212
464.81094
467.132292
468.328176
472.80672
479.849076
477.958212
472.492764
467.119224
474.032196
462.535488
466.281252
468.070164
462.886056
465.348888
467.5671
465.013224
474.93972
481.727304
477.481824
485.8218
471.47562
459.140292
477.0738
466.873632
463.84218
460.152468
464.736528

